id,history_id,history_name,state,tool_id,invocation_id,workflow_id,cpuacct.usage,galaxy_memory_mb,galaxy_slots,memory.limit_in_bytes,memory.peak,memory.soft_limit_in_bytes,memtotal,processor_count,runtime_seconds
d1948f9d27fc4b1a,ff4878ba0a6245bd,anvil-test-2024-09-06-06-26,ok,ivar_consensus/1.2.2+galaxy0,,,,32641.0000000,1.0000000,,,,,,1.0000000
3a878ad640496321,ff4878ba0a6245bd,anvil-test-2024-09-06-06-26,ok,upload1,,,,4080.0000000,1.0000000,,,,,,8.0000000
ece4e91b6514d832,ff4878ba0a6245bd,anvil-test-2024-09-06-06-26,ok,vcfleftalign/1.0.0_rc3+galaxy0,,,,4080.0000000,1.0000000,,,,,,1.0000000
af9d573bc9f99648,ff4878ba0a6245bd,anvil-test-2024-09-06-06-26,ok,upload1,,,,4080.0000000,1.0000000,,,,,,6.0000000
16b41b3ac6d9fe75,ff4878ba0a6245bd,anvil-test-2024-09-06-06-26,ok,upload1,,,,4080.0000000,1.0000000,,,,,,6.0000000
e8c486fc259053c2,ff4878ba0a6245bd,anvil-test-2024-09-06-06-26,ok,vcfaddinfo/1.0.0_rc3+galaxy0,,,,4080.0000000,1.0000000,,,,,,0E-7
27b73cfa7b705fae,ff4878ba0a6245bd,anvil-test-2024-09-06-06-26,ok,upload1,,,,4080.0000000,1.0000000,,,,,,6.0000000
fee2a29bb246ff30,ff4878ba0a6245bd,anvil-test-2024-09-06-06-26,ok,upload1,,,,4080.0000000,1.0000000,,,,,,6.0000000
2cfb088b2b70fb38,ff4878ba0a6245bd,anvil-test-2024-09-06-06-26,ok,bcftools_plugin_fill_an_ac/1.10,,,,4080.0000000,1.0000000,,,,,,0E-7
22594f7ba1c82691,ff4878ba0a6245bd,anvil-test-2024-09-06-06-26,ok,upload1,,,,4080.0000000,1.0000000,,,,,,6.0000000
d492c5049bd21291,ff4878ba0a6245bd,anvil-test-2024-09-06-06-26,ok,upload1,,,,4080.0000000,1.0000000,,,,,,7.0000000
3c8793a1a4cf8282,ff4878ba0a6245bd,anvil-test-2024-09-06-06-26,error,upload1,,,,,,,,,,,
8af51b2324a0085f,ff4878ba0a6245bd,anvil-test-2024-09-06-06-26,ok,bcftools_convert_to_vcf/1.10,,,,4080.0000000,1.0000000,,,,,,0E-7
853a2f95d5d62ecd,ff4878ba0a6245bd,anvil-test-2024-09-06-06-26,ok,upload1,,,,4080.0000000,1.0000000,,,,,,8.0000000
39ac9d2be2d3413b,ff4878ba0a6245bd,anvil-test-2024-09-06-06-26,ok,upload1,,,,4080.0000000,1.0000000,,,,,,7.0000000
968f1f35f2e6c0b6,ff4878ba0a6245bd,anvil-test-2024-09-06-06-26,ok,upload1,,,,4080.0000000,1.0000000,,,,,,7.0000000
49ad2b61417d5bdb,ff4878ba0a6245bd,anvil-test-2024-09-06-06-26,ok,upload1,,,,4080.0000000,1.0000000,,,,,,7.0000000
3464373f0f134736,ff4878ba0a6245bd,anvil-test-2024-09-06-06-26,error,upload1,,,,,,,,,,,
97ab57745ec0fe01,ff4878ba0a6245bd,anvil-test-2024-09-06-06-26,ok,upload1,,,,4080.0000000,1.0000000,,,,,,7.0000000
a0f378e8b69079f4,ff4878ba0a6245bd,anvil-test-2024-09-06-06-26,error,upload1,,,,,,,,,,,
d66768ead8d56f43,ff4878ba0a6245bd,anvil-test-2024-09-06-06-26,ok,bcftools_convert_to_vcf/1.10,,,,4080.0000000,1.0000000,,,,,,0E-7
bc432256580bffc2,ff4878ba0a6245bd,anvil-test-2024-09-06-06-26,ok,upload1,,,,4080.0000000,1.0000000,,,,,,6.0000000
80da5997002d0553,ff4878ba0a6245bd,anvil-test-2024-09-06-06-26,ok,upload1,,,,4080.0000000,1.0000000,,,,,,6.0000000
c0625542190d530c,ff4878ba0a6245bd,anvil-test-2024-09-06-06-26,ok,lofreq_viterbi/2.1.5+galaxy0,,,,16320.0000000,4.0000000,,,,,,0E-7
8d9b2e492c849901,ff4878ba0a6245bd,anvil-test-2024-09-06-06-26,ok,upload1,,,,4080.0000000,1.0000000,,,,,,6.0000000
f5eaef73b8280561,ff4878ba0a6245bd,anvil-test-2024-09-06-06-26,ok,upload1,,,,4080.0000000,1.0000000,,,,,,5.0000000
19e2f6bbf0b257b9,ff4878ba0a6245bd,anvil-test-2024-09-06-06-26,ok,lofreq_viterbi/2.1.5+galaxy0,,,,16320.0000000,4.0000000,,,,,,0E-7
aecfc8314d9849fc,ff4878ba0a6245bd,anvil-test-2024-09-06-06-26,ok,upload1,,,,4080.0000000,1.0000000,,,,,,6.0000000
0ae7914e88f5739a,ff4878ba0a6245bd,anvil-test-2024-09-06-06-26,ok,upload1,,,,4080.0000000,1.0000000,,,,,,5.0000000
fd42badd08e334b6,ff4878ba0a6245bd,anvil-test-2024-09-06-06-26,ok,table_compute/1.2.4+galaxy0,,,,4080.0000000,1.0000000,,,,,,1.0000000
e49fd00a85ab0bd3,ff4878ba0a6245bd,anvil-test-2024-09-06-06-26,ok,upload1,,,,4080.0000000,1.0000000,,,,,,6.0000000
98e7ddd10f41bb86,ff4878ba0a6245bd,anvil-test-2024-09-06-06-26,ok,table_compute/1.2.4+galaxy0,,,,4080.0000000,1.0000000,,,,,,1.0000000
d1bbde7f1e72cafc,ff4878ba0a6245bd,anvil-test-2024-09-06-06-26,ok,upload1,,,,4080.0000000,1.0000000,,,,,,5.0000000
26867aee51122640,ff4878ba0a6245bd,anvil-test-2024-09-06-06-26,error,upload1,,,,,,,,,,,
ebfdfae53c659f5a,ff4878ba0a6245bd,anvil-test-2024-09-06-06-26,ok,table_compute/1.2.4+galaxy0,,,,4080.0000000,1.0000000,,,,,,2.0000000
5c570a4524c284c3,ff4878ba0a6245bd,anvil-test-2024-09-06-06-26,ok,upload1,,,,4080.0000000,1.0000000,,,,,,6.0000000
70b764fd9e2a7878,ff4878ba0a6245bd,anvil-test-2024-09-06-06-26,ok,table_compute/1.2.4+galaxy0,,,,4080.0000000,1.0000000,,,,,,1.0000000
0e2f7c094604bc39,ff4878ba0a6245bd,anvil-test-2024-09-06-06-26,ok,upload1,,,,4080.0000000,1.0000000,,,,,,6.0000000
ca6c38c04f2cbb0f,ff4878ba0a6245bd,anvil-test-2024-09-06-06-26,ok,table_compute/1.2.4+galaxy0,,,,4080.0000000,1.0000000,,,,,,1.0000000
c72673f601565935,ff4878ba0a6245bd,anvil-test-2024-09-06-06-26,ok,upload1,,,,4080.0000000,1.0000000,,,,,,6.0000000
448a11159766cc17,ff4878ba0a6245bd,anvil-test-2024-09-06-06-26,ok,table_compute/1.2.4+galaxy0,,,,4080.0000000,1.0000000,,,,,,1.0000000
afb4866eb05ccc6b,ff4878ba0a6245bd,anvil-test-2024-09-06-06-26,ok,upload1,,,,4080.0000000,1.0000000,,,,,,6.0000000
6adef7a49f5d8fa5,ff4878ba0a6245bd,anvil-test-2024-09-06-06-26,error,upload1,,,,,,,,,,,
bb1ec83c08ca91a6,ff4878ba0a6245bd,anvil-test-2024-09-06-06-26,ok,table_compute/1.2.4+galaxy0,,,,4080.0000000,1.0000000,,,,,,1.0000000
7f8b5e099192ac62,ff4878ba0a6245bd,anvil-test-2024-09-06-06-26,ok,upload1,,,,4080.0000000,1.0000000,,,,,,6.0000000
9b6ee6d6304811e9,ff4878ba0a6245bd,anvil-test-2024-09-06-06-26,ok,table_compute/1.2.4+galaxy0,,,,4080.0000000,1.0000000,,,,,,1.0000000
8665082f37fbea5c,ff4878ba0a6245bd,anvil-test-2024-09-06-06-26,ok,upload1,,,,4080.0000000,1.0000000,,,,,,6.0000000
31409b7c7cae38d6,ff4878ba0a6245bd,anvil-test-2024-09-06-06-26,ok,table_compute/1.2.4+galaxy0,,,,4080.0000000,1.0000000,,,,,,1.0000000
c55f0f5c49789ffd,ff4878ba0a6245bd,anvil-test-2024-09-06-06-26,ok,upload1,,,,4080.0000000,1.0000000,,,,,,5.0000000
bada7fb59358c5ff,ff4878ba0a6245bd,anvil-test-2024-09-06-06-26,ok,table_compute/1.2.4+galaxy0,,,,4080.0000000,1.0000000,,,,,,1.0000000
16dedf4d37b33319,ff4878ba0a6245bd,anvil-test-2024-09-06-06-26,ok,upload1,,,,4080.0000000,1.0000000,,,,,,6.0000000
831b76ee690266c6,ff4878ba0a6245bd,anvil-test-2024-09-06-06-26,ok,table_compute/1.2.4+galaxy0,,,,4080.0000000,1.0000000,,,,,,1.0000000
627b0fc74beb65a2,ff4878ba0a6245bd,anvil-test-2024-09-06-06-26,ok,upload1,,,,4080.0000000,1.0000000,,,,,,6.0000000
5eec983bff7e038e,ff4878ba0a6245bd,anvil-test-2024-09-06-06-26,ok,upload1,,,,4080.0000000,1.0000000,,,,,,6.0000000
777bd5eb96f4b8d7,ff4878ba0a6245bd,anvil-test-2024-09-06-06-26,ok,upload1,,,,4080.0000000,1.0000000,,,,,,6.0000000
7295bba8ad706bfc,ff4878ba0a6245bd,anvil-test-2024-09-06-06-26,ok,table_compute/1.2.4+galaxy0,,,,4080.0000000,1.0000000,,,,,,1.0000000
a71402466f8bcb6d,ff4878ba0a6245bd,anvil-test-2024-09-06-06-26,ok,upload1,,,,4080.0000000,1.0000000,,,,,,6.0000000
317c9860f0ee8bec,ff4878ba0a6245bd,anvil-test-2024-09-06-06-26,ok,table_compute/1.2.4+galaxy0,,,,4080.0000000,1.0000000,,,,,,2.0000000
e57b62c588177abe,ff4878ba0a6245bd,anvil-test-2024-09-06-06-26,ok,upload1,,,,4080.0000000,1.0000000,,,,,,6.0000000
b6c0bb7309151bcd,ff4878ba0a6245bd,anvil-test-2024-09-06-06-26,ok,table_compute/1.2.4+galaxy0,,,,4080.0000000,1.0000000,,,,,,1.0000000
46d27e7f0e62eb67,ff4878ba0a6245bd,anvil-test-2024-09-06-06-26,ok,upload1,,,,4080.0000000,1.0000000,,,,,,6.0000000
d62672bcfed4b456,ff4878ba0a6245bd,anvil-test-2024-09-06-06-26,ok,table_compute/1.2.4+galaxy0,,,,4080.0000000,1.0000000,,,,,,1.0000000
21a3bbe02aa38f74,ff4878ba0a6245bd,anvil-test-2024-09-06-06-26,ok,upload1,,,,4080.0000000,1.0000000,,,,,,6.0000000
01056c8f46a6f331,ff4878ba0a6245bd,anvil-test-2024-09-06-06-26,ok,table_compute/1.2.4+galaxy0,,,,4080.0000000,1.0000000,,,,,,1.0000000
c083e5fc97261c7f,ff4878ba0a6245bd,anvil-test-2024-09-06-06-26,ok,upload1,,,,4080.0000000,1.0000000,,,,,,6.0000000
871e105ee4b426be,ff4878ba0a6245bd,anvil-test-2024-09-06-06-26,ok,table_compute/1.2.4+galaxy0,,,,4080.0000000,1.0000000,,,,,,1.0000000
0bdd0151c8a8daab,ff4878ba0a6245bd,anvil-test-2024-09-06-06-26,ok,upload1,,,,4080.0000000,1.0000000,,,,,,6.0000000
d4a86ae0a05580ba,ff4878ba0a6245bd,anvil-test-2024-09-06-06-26,ok,table_compute/1.2.4+galaxy0,,,,4080.0000000,1.0000000,,,,,,2.0000000
ee75156bb1a1e9ce,ff4878ba0a6245bd,anvil-test-2024-09-06-06-26,ok,upload1,,,,4080.0000000,1.0000000,,,,,,6.0000000
6bdac4e00e511588,ff4878ba0a6245bd,anvil-test-2024-09-06-06-26,ok,table_compute/1.2.4+galaxy0,,,,4080.0000000,1.0000000,,,,,,1.0000000
918104ec6c1a4aef,ff4878ba0a6245bd,anvil-test-2024-09-06-06-26,ok,upload1,,,,4080.0000000,1.0000000,,,,,,6.0000000
5cbbebceb2a778b1,ff4878ba0a6245bd,anvil-test-2024-09-06-06-26,ok,table_compute/1.2.4+galaxy0,,,,4080.0000000,1.0000000,,,,,,1.0000000
caaeb90d04ca49d4,ff4878ba0a6245bd,anvil-test-2024-09-06-06-26,ok,upload1,,,,4080.0000000,1.0000000,,,,,,6.0000000
81ee3ee2b8275df1,ff4878ba0a6245bd,anvil-test-2024-09-06-06-26,ok,upload1,,,,4080.0000000,1.0000000,,,,,,6.0000000
fb9ad52adeaa1b1a,ff4878ba0a6245bd,anvil-test-2024-09-06-06-26,ok,upload1,,,,4080.0000000,1.0000000,,,,,,6.0000000
4391c01a779eeff2,ff4878ba0a6245bd,anvil-test-2024-09-06-06-26,ok,table_compute/1.2.4+galaxy0,,,,4080.0000000,1.0000000,,,,,,2.0000000
c60681f88f9304fb,ff4878ba0a6245bd,anvil-test-2024-09-06-06-26,ok,upload1,,,,4080.0000000,1.0000000,,,,,,6.0000000
95d9bd73b59d0522,ff4878ba0a6245bd,anvil-test-2024-09-06-06-26,ok,table_compute/1.2.4+galaxy0,,,,4080.0000000,1.0000000,,,,,,1.0000000
b03c5fea41b3e367,ff4878ba0a6245bd,anvil-test-2024-09-06-06-26,ok,upload1,,,,4080.0000000,1.0000000,,,,,,6.0000000
a546afca864f184b,ff4878ba0a6245bd,anvil-test-2024-09-06-06-26,error,table_compute/1.2.4+galaxy0,,,,,,,,,,,
55de5815cc1f3ee9,ff4878ba0a6245bd,anvil-test-2024-09-06-06-26,ok,upload1,,,,4080.0000000,1.0000000,,,,,,5.0000000
a2acff9ba8b32b6f,ff4878ba0a6245bd,anvil-test-2024-09-06-06-26,ok,table_compute/1.2.4+galaxy0,,,,4080.0000000,1.0000000,,,,,,1.0000000
2b4435727d34d8d6,ff4878ba0a6245bd,anvil-test-2024-09-06-06-26,ok,upload1,,,,4080.0000000,1.0000000,,,,,,6.0000000
36d98b229412ce57,ff4878ba0a6245bd,anvil-test-2024-09-06-06-26,ok,table_compute/1.2.4+galaxy0,,,,4080.0000000,1.0000000,,,,,,2.0000000
acd3c8cd2b08486e,ff4878ba0a6245bd,anvil-test-2024-09-06-06-26,ok,upload1,,,,4080.0000000,1.0000000,,,,,,6.0000000
6eda44a315b4550f,ff4878ba0a6245bd,anvil-test-2024-09-06-06-26,ok,table_compute/1.2.4+galaxy0,,,,4080.0000000,1.0000000,,,,,,2.0000000
c80e884c2c2113fb,ff4878ba0a6245bd,anvil-test-2024-09-06-06-26,ok,upload1,,,,4080.0000000,1.0000000,,,,,,6.0000000
71d832c52a59cc6c,ff4878ba0a6245bd,anvil-test-2024-09-06-06-26,ok,table_compute/1.2.4+galaxy0,,,,4080.0000000,1.0000000,,,,,,1.0000000
521e1ff9ca566f99,ff4878ba0a6245bd,anvil-test-2024-09-06-06-26,ok,upload1,,,,4080.0000000,1.0000000,,,,,,6.0000000
fde19d2da9257e75,ff4878ba0a6245bd,anvil-test-2024-09-06-06-26,ok,table_compute/1.2.4+galaxy0,,,,4080.0000000,1.0000000,,,,,,1.0000000
a85ea4c4a90bc30d,ff4878ba0a6245bd,anvil-test-2024-09-06-06-26,ok,upload1,,,,4080.0000000,1.0000000,,,,,,6.0000000
9e384b4af7190cdd,ff4878ba0a6245bd,anvil-test-2024-09-06-06-26,ok,table_compute/1.2.4+galaxy0,,,,4080.0000000,1.0000000,,,,,,1.0000000
441e7a03e06beba4,ff4878ba0a6245bd,anvil-test-2024-09-06-06-26,ok,upload1,,,,4080.0000000,1.0000000,,,,,,7.0000000
4cb2b23eb372fb9f,ff4878ba0a6245bd,anvil-test-2024-09-06-06-26,ok,table_compute/1.2.4+galaxy0,,,,4080.0000000,1.0000000,,,,,,2.0000000
a3439c7ba2443afd,ff4878ba0a6245bd,anvil-test-2024-09-06-06-26,ok,upload1,,,,4080.0000000,1.0000000,,,,,,6.0000000
51e7717e78d9c95f,ff4878ba0a6245bd,anvil-test-2024-09-06-06-26,ok,table_compute/1.2.4+galaxy0,,,,4080.0000000,1.0000000,,,,,,1.0000000
ba9d32989cde2ad0,ff4878ba0a6245bd,anvil-test-2024-09-06-06-26,ok,upload1,,,,4080.0000000,1.0000000,,,,,,6.0000000
cbaedbaa9c6b821b,ff4878ba0a6245bd,anvil-test-2024-09-06-06-26,ok,table_compute/1.2.4+galaxy0,,,,4080.0000000,1.0000000,,,,,,1.0000000
99ea6db251b03e86,ff4878ba0a6245bd,anvil-test-2024-09-06-06-26,ok,upload1,,,,4080.0000000,1.0000000,,,,,,6.0000000
c705782e75643d50,ff4878ba0a6245bd,anvil-test-2024-09-06-06-26,ok,table_compute/1.2.4+galaxy0,,,,4080.0000000,1.0000000,,,,,,1.0000000
be167efb692a2d0a,ff4878ba0a6245bd,anvil-test-2024-09-06-06-26,ok,upload1,,,,4080.0000000,1.0000000,,,,,,7.0000000
38858ff49d4a8383,ff4878ba0a6245bd,anvil-test-2024-09-06-06-26,ok,table_compute/1.2.4+galaxy0,,,,4080.0000000,1.0000000,,,,,,1.0000000
6b61343c96ea6d27,ff4878ba0a6245bd,anvil-test-2024-09-06-06-26,ok,upload1,,,,4080.0000000,1.0000000,,,,,,6.0000000
4f622dfe0d910e27,ff4878ba0a6245bd,anvil-test-2024-09-06-06-26,ok,table_compute/1.2.4+galaxy0,,,,4080.0000000,1.0000000,,,,,,2.0000000
50213268bba7af6c,ff4878ba0a6245bd,anvil-test-2024-09-06-06-26,ok,upload1,,,,4080.0000000,1.0000000,,,,,,6.0000000
678e32486d9a98a6,ff4878ba0a6245bd,anvil-test-2024-09-06-06-26,ok,table_compute/1.2.4+galaxy0,,,,4080.0000000,1.0000000,,,,,,1.0000000
b06a3a38723a7637,ff4878ba0a6245bd,anvil-test-2024-09-06-06-26,ok,upload1,,,,4080.0000000,1.0000000,,,,,,6.0000000
5f30efa1f53dcb25,ff4878ba0a6245bd,anvil-test-2024-09-06-06-26,ok,table_compute/1.2.4+galaxy0,,,,4080.0000000,1.0000000,,,,,,1.0000000
353c36bacdb5e892,ff4878ba0a6245bd,anvil-test-2024-09-06-06-26,ok,upload1,,,,4080.0000000,1.0000000,,,,,,6.0000000
dd764e28725cb6b0,ff4878ba0a6245bd,anvil-test-2024-09-06-06-26,ok,table_compute/1.2.4+galaxy0,,,,4080.0000000,1.0000000,,,,,,1.0000000
a5f593b84376aa20,ff4878ba0a6245bd,anvil-test-2024-09-06-06-26,ok,upload1,,,,4080.0000000,1.0000000,,,,,,6.0000000
ce48170e6a442211,ff4878ba0a6245bd,anvil-test-2024-09-06-06-26,ok,table_compute/1.2.4+galaxy0,,,,4080.0000000,1.0000000,,,,,,1.0000000
4048ed24943fa07d,ff4878ba0a6245bd,anvil-test-2024-09-06-06-26,ok,upload1,,,,4080.0000000,1.0000000,,,,,,6.0000000
f02472dbd7417bc8,ff4878ba0a6245bd,anvil-test-2024-09-06-06-26,error,scanpy_plot/1.7.1+galaxy1,,,,,,,,,,,
64fb7885cc6b2b37,ff4878ba0a6245bd,anvil-test-2024-09-06-06-26,ok,upload1,,,,4080.0000000,1.0000000,,,,,,7.0000000
9ff302571a21cc32,ff4878ba0a6245bd,anvil-test-2024-09-06-06-26,ok,scanpy_plot/1.7.1+galaxy1,,,,4080.0000000,1.0000000,,,,,,5.0000000
c91dd3c44c66039c,ff4878ba0a6245bd,anvil-test-2024-09-06-06-26,ok,upload1,,,,4080.0000000,1.0000000,,,,,,6.0000000
018008f376099c89,ff4878ba0a6245bd,anvil-test-2024-09-06-06-26,ok,scanpy_plot/1.7.1+galaxy1,,,,4080.0000000,1.0000000,,,,,,4.0000000
965e1f6e4f420d6b,ff4878ba0a6245bd,anvil-test-2024-09-06-06-26,ok,upload1,,,,4080.0000000,1.0000000,,,,,,6.0000000
9324044e0b935b84,ff4878ba0a6245bd,anvil-test-2024-09-06-06-26,ok,scanpy_plot/1.7.1+galaxy1,,,,4080.0000000,1.0000000,,,,,,4.0000000
80ec0e7b6b22a14c,ff4878ba0a6245bd,anvil-test-2024-09-06-06-26,ok,upload1,,,,4080.0000000,1.0000000,,,,,,6.0000000
d9b60bfe9dfc518a,ff4878ba0a6245bd,anvil-test-2024-09-06-06-26,ok,scanpy_plot/1.7.1+galaxy1,,,,4080.0000000,1.0000000,,,,,,5.0000000
76388a26e37759d2,ff4878ba0a6245bd,anvil-test-2024-09-06-06-26,ok,upload1,,,,4080.0000000,1.0000000,,,,,,7.0000000
01a9832e92bb993d,ff4878ba0a6245bd,anvil-test-2024-09-06-06-26,ok,scanpy_plot/1.7.1+galaxy1,,,,4080.0000000,1.0000000,,,,,,22.0000000
ea8830c9af68fac5,ff4878ba0a6245bd,anvil-test-2024-09-06-06-26,ok,upload1,,,,4080.0000000,1.0000000,,,,,,5.0000000
fd2f0c071d2173ad,ff4878ba0a6245bd,anvil-test-2024-09-06-06-26,ok,scanpy_plot/1.7.1+galaxy1,,,,4080.0000000,1.0000000,,,,,,5.0000000
12b0d9ab1929ad27,ff4878ba0a6245bd,anvil-test-2024-09-06-06-26,ok,upload1,,,,4080.0000000,1.0000000,,,,,,6.0000000
5c8616cf3e8d3446,ff4878ba0a6245bd,anvil-test-2024-09-06-06-26,ok,scanpy_plot/1.7.1+galaxy1,,,,4080.0000000,1.0000000,,,,,,4.0000000
14390a037a570e9e,ff4878ba0a6245bd,anvil-test-2024-09-06-06-26,ok,upload1,,,,4080.0000000,1.0000000,,,,,,6.0000000
03863f113bc38834,ff4878ba0a6245bd,anvil-test-2024-09-06-06-26,error,scanpy_plot/1.7.1+galaxy1,,,,,,,,,,,
896be6be77cec6d6,ff4878ba0a6245bd,anvil-test-2024-09-06-06-26,ok,upload1,,,,4080.0000000,1.0000000,,,,,,6.0000000
31c1ddd12a54d2e1,ff4878ba0a6245bd,anvil-test-2024-09-06-06-26,ok,scanpy_plot/1.7.1+galaxy1,,,,4080.0000000,1.0000000,,,,,,3.0000000
c8e6dc8cef5cdba9,ff4878ba0a6245bd,anvil-test-2024-09-06-06-26,ok,upload1,,,,4080.0000000,1.0000000,,,,,,6.0000000
020037e2c145551a,ff4878ba0a6245bd,anvil-test-2024-09-06-06-26,error,upload1,,,,,,,,,,,
2df0756995872d79,ff4878ba0a6245bd,anvil-test-2024-09-06-06-26,ok,scanpy_plot/1.7.1+galaxy1,,,,4080.0000000,1.0000000,,,,,,3.0000000
bbf3e25bc98e8cb3,ff4878ba0a6245bd,anvil-test-2024-09-06-06-26,ok,upload1,,,,4080.0000000,1.0000000,,,,,,7.0000000
a6cd9e0e39312c2c,ff4878ba0a6245bd,anvil-test-2024-09-06-06-26,ok,scanpy_plot/1.7.1+galaxy1,,,,4080.0000000,1.0000000,,,,,,4.0000000
4b957cdd9f59bb81,ff4878ba0a6245bd,anvil-test-2024-09-06-06-26,ok,upload1,,,,4080.0000000,1.0000000,,,,,,6.0000000
bb0197e698a46f3c,ff4878ba0a6245bd,anvil-test-2024-09-06-06-26,ok,scanpy_plot/1.7.1+galaxy1,,,,4080.0000000,1.0000000,,,,,,4.0000000
a238658c47dcac5f,ff4878ba0a6245bd,anvil-test-2024-09-06-06-26,ok,upload1,,,,4080.0000000,1.0000000,,,,,,6.0000000
b9f2d37a34e35fbf,ff4878ba0a6245bd,anvil-test-2024-09-06-06-26,ok,scanpy_plot/1.7.1+galaxy1,,,,4080.0000000,1.0000000,,,,,,4.0000000
0e27644dce86d84a,ff4878ba0a6245bd,anvil-test-2024-09-06-06-26,ok,upload1,,,,4080.0000000,1.0000000,,,,,,6.0000000
9629486223e668a9,ff4878ba0a6245bd,anvil-test-2024-09-06-06-26,ok,scanpy_plot/1.7.1+galaxy1,,,,4080.0000000,1.0000000,,,,,,4.0000000
c14a019d61cd1edf,ff4878ba0a6245bd,anvil-test-2024-09-06-06-26,ok,upload1,,,,4080.0000000,1.0000000,,,,,,6.0000000
c41f25b1ba3960f9,ff4878ba0a6245bd,anvil-test-2024-09-06-06-26,ok,scanpy_plot/1.7.1+galaxy1,,,,4080.0000000,1.0000000,,,,,,4.0000000
79523659033bb5dc,ff4878ba0a6245bd,anvil-test-2024-09-06-06-26,ok,upload1,,,,4080.0000000,1.0000000,,,,,,6.0000000
5e323b56e0a03ae2,ff4878ba0a6245bd,anvil-test-2024-09-06-06-26,ok,scanpy_plot/1.7.1+galaxy1,,,,4080.0000000,1.0000000,,,,,,4.0000000
ed70cccc401b7a3d,ff4878ba0a6245bd,anvil-test-2024-09-06-06-26,ok,upload1,,,,4080.0000000,1.0000000,,,,,,6.0000000
d87af73bcffa4f10,ff4878ba0a6245bd,anvil-test-2024-09-06-06-26,error,upload1,,,,,,,,,,,
513aaa06d7c4735a,ff4878ba0a6245bd,anvil-test-2024-09-06-06-26,ok,scanpy_plot/1.7.1+galaxy1,,,,4080.0000000,1.0000000,,,,,,4.0000000
e5d493b31f0355ae,ff4878ba0a6245bd,anvil-test-2024-09-06-06-26,ok,upload1,,,,4080.0000000,1.0000000,,,,,,6.0000000
5477e2217726a1a8,ff4878ba0a6245bd,anvil-test-2024-09-06-06-26,ok,scanpy_plot/1.7.1+galaxy1,,,,4080.0000000,1.0000000,,,,,,4.0000000
ab385015ed340878,ff4878ba0a6245bd,anvil-test-2024-09-06-06-26,ok,upload1,,,,4080.0000000,1.0000000,,,,,,6.0000000
dd31bdc1b2710e7b,ff4878ba0a6245bd,anvil-test-2024-09-06-06-26,ok,scanpy_plot/1.7.1+galaxy1,,,,4080.0000000,1.0000000,,,,,,4.0000000
aeaf2c3afc13470a,ff4878ba0a6245bd,anvil-test-2024-09-06-06-26,ok,upload1,,,,4080.0000000,1.0000000,,,,,,6.0000000
6b52915debcc1e44,ff4878ba0a6245bd,anvil-test-2024-09-06-06-26,ok,scanpy_plot/1.7.1+galaxy1,,,,4080.0000000,1.0000000,,,,,,4.0000000
39832b1dc0b37cb4,ff4878ba0a6245bd,anvil-test-2024-09-06-06-26,ok,upload1,,,,4080.0000000,1.0000000,,,,,,6.0000000
274faba292dc4928,ff4878ba0a6245bd,anvil-test-2024-09-06-06-26,ok,scanpy_plot/1.7.1+galaxy1,,,,4080.0000000,1.0000000,,,,,,4.0000000
23ee48bdd6e9c7e3,ff4878ba0a6245bd,anvil-test-2024-09-06-06-26,ok,upload1,,,,4080.0000000,1.0000000,,,,,,6.0000000
75c2592de1e6f7d9,ff4878ba0a6245bd,anvil-test-2024-09-06-06-26,ok,scanpy_plot/1.7.1+galaxy1,,,,4080.0000000,1.0000000,,,,,,4.0000000
2a3253349287956c,ff4878ba0a6245bd,anvil-test-2024-09-06-06-26,ok,upload1,,,,4080.0000000,1.0000000,,,,,,6.0000000
c39f60603c2eb4e5,ff4878ba0a6245bd,anvil-test-2024-09-06-06-26,ok,scanpy_plot/1.7.1+galaxy1,,,,4080.0000000,1.0000000,,,,,,4.0000000
55ddd1cc9d3ea85b,ff4878ba0a6245bd,anvil-test-2024-09-06-06-26,ok,upload1,,,,4080.0000000,1.0000000,,,,,,6.0000000
e728c14b6d2ea387,ff4878ba0a6245bd,anvil-test-2024-09-06-06-26,ok,scanpy_plot/1.7.1+galaxy1,,,,4080.0000000,1.0000000,,,,,,4.0000000
48f51823833c5a22,ff4878ba0a6245bd,anvil-test-2024-09-06-06-26,ok,upload1,,,,4080.0000000,1.0000000,,,,,,6.0000000
4205a399e94ab9e1,ff4878ba0a6245bd,anvil-test-2024-09-06-06-26,ok,scanpy_plot/1.7.1+galaxy1,,,,4080.0000000,1.0000000,,,,,,4.0000000
26a69e42cbd4eb5c,ff4878ba0a6245bd,anvil-test-2024-09-06-06-26,ok,upload1,,,,4080.0000000,1.0000000,,,,,,6.0000000
9a87a569058bdb64,ff4878ba0a6245bd,anvil-test-2024-09-06-06-26,ok,scanpy_plot/1.7.1+galaxy1,,,,4080.0000000,1.0000000,,,,,,8.0000000
3628cd82ce2143f9,ff4878ba0a6245bd,anvil-test-2024-09-06-06-26,ok,upload1,,,,4080.0000000,1.0000000,,,,,,7.0000000
16a5df1d4817a121,ff4878ba0a6245bd,anvil-test-2024-09-06-06-26,ok,scanpy_plot/1.7.1+galaxy1,,,,4080.0000000,1.0000000,,,,,,5.0000000
60563283e05f564b,ff4878ba0a6245bd,anvil-test-2024-09-06-06-26,ok,upload1,,,,4080.0000000,1.0000000,,,,,,6.0000000
4c23c4c7f47c7bfd,ff4878ba0a6245bd,anvil-test-2024-09-06-06-26,ok,scanpy_plot/1.7.1+galaxy1,,,,4080.0000000,1.0000000,,,,,,4.0000000
a78371a53a562396,ff4878ba0a6245bd,anvil-test-2024-09-06-06-26,ok,upload1,,,,4080.0000000,1.0000000,,,,,,6.0000000
cf877a91238c305b,ff4878ba0a6245bd,anvil-test-2024-09-06-06-26,ok,scanpy_plot/1.7.1+galaxy1,,,,4080.0000000,1.0000000,,,,,,5.0000000
0c51f7dcad977f18,ff4878ba0a6245bd,anvil-test-2024-09-06-06-26,ok,upload1,,,,4080.0000000,1.0000000,,,,,,6.0000000
275f29aec30a49d9,ff4878ba0a6245bd,anvil-test-2024-09-06-06-26,error,upload1,,,,,,,,,,,
e70286383e695d94,ff4878ba0a6245bd,anvil-test-2024-09-06-06-26,ok,scanpy_plot/1.7.1+galaxy1,,,,4080.0000000,1.0000000,,,,,,23.0000000
83ed209432b8ed91,ff4878ba0a6245bd,anvil-test-2024-09-06-06-26,ok,upload1,,,,4080.0000000,1.0000000,,,,,,6.0000000
b1bb5aa6bc31b536,ff4878ba0a6245bd,anvil-test-2024-09-06-06-26,ok,scanpy_plot/1.7.1+galaxy1,,,,4080.0000000,1.0000000,,,,,,4.0000000
5a1e97f95425ad8a,ff4878ba0a6245bd,anvil-test-2024-09-06-06-26,ok,upload1,,,,4080.0000000,1.0000000,,,,,,6.0000000
421135478f3301d7,ff4878ba0a6245bd,anvil-test-2024-09-06-06-26,ok,scanpy_plot/1.7.1+galaxy1,,,,4080.0000000,1.0000000,,,,,,5.0000000
a5552e37433238d0,ff4878ba0a6245bd,anvil-test-2024-09-06-06-26,ok,upload1,,,,4080.0000000,1.0000000,,,,,,6.0000000
87215cd8a6fab7f8,ff4878ba0a6245bd,anvil-test-2024-09-06-06-26,ok,scanpy_plot/1.7.1+galaxy1,,,,4080.0000000,1.0000000,,,,,,5.0000000
77ba024abcaf51aa,ff4878ba0a6245bd,anvil-test-2024-09-06-06-26,ok,upload1,,,,4080.0000000,1.0000000,,,,,,6.0000000
134119762ea37224,ff4878ba0a6245bd,anvil-test-2024-09-06-06-26,ok,scanpy_plot/1.7.1+galaxy1,,,,4080.0000000,1.0000000,,,,,,4.0000000
67d9cc1276ae64b8,ff4878ba0a6245bd,anvil-test-2024-09-06-06-26,ok,upload1,,,,4080.0000000,1.0000000,,,,,,6.0000000
d774101ea62685a5,ff4878ba0a6245bd,anvil-test-2024-09-06-06-26,ok,scanpy_plot/1.7.1+galaxy1,,,,4080.0000000,1.0000000,,,,,,4.0000000
dc8f82dd155ca159,ff4878ba0a6245bd,anvil-test-2024-09-06-06-26,ok,upload1,,,,4080.0000000,1.0000000,,,,,,6.0000000
5feff78af64c88b3,ff4878ba0a6245bd,anvil-test-2024-09-06-06-26,ok,scanpy_plot/1.7.1+galaxy1,,,,4080.0000000,1.0000000,,,,,,4.0000000
062f8303d28ac25c,ff4878ba0a6245bd,anvil-test-2024-09-06-06-26,ok,upload1,,,,4080.0000000,1.0000000,,,,,,6.0000000
21a42a0435810bba,ff4878ba0a6245bd,anvil-test-2024-09-06-06-26,ok,scanpy_plot/1.7.1+galaxy1,,,,4080.0000000,1.0000000,,,,,,5.0000000
6f3bc60bf9969d8d,ff4878ba0a6245bd,anvil-test-2024-09-06-06-26,ok,upload1,,,,4080.0000000,1.0000000,,,,,,6.0000000
4109688a26cd9aeb,ff4878ba0a6245bd,anvil-test-2024-09-06-06-26,ok,scanpy_plot/1.7.1+galaxy1,,,,4080.0000000,1.0000000,,,,,,4.0000000
c746c40b90184673,ff4878ba0a6245bd,anvil-test-2024-09-06-06-26,ok,upload1,,,,4080.0000000,1.0000000,,,,,,6.0000000
94d416b28a3e90ba,ff4878ba0a6245bd,anvil-test-2024-09-06-06-26,ok,scanpy_plot/1.7.1+galaxy1,,,,4080.0000000,1.0000000,,,,,,4.0000000
29b952d32ef56e57,ff4878ba0a6245bd,anvil-test-2024-09-06-06-26,ok,upload1,,,,4080.0000000,1.0000000,,,,,,6.0000000
22bbf4057edc6ee9,ff4878ba0a6245bd,anvil-test-2024-09-06-06-26,ok,scanpy_plot/1.7.1+galaxy1,,,,4080.0000000,1.0000000,,,,,,4.0000000
bac477caa7edb654,ff4878ba0a6245bd,anvil-test-2024-09-06-06-26,ok,upload1,,,,4080.0000000,1.0000000,,,,,,6.0000000
f73af6504838e523,ff4878ba0a6245bd,anvil-test-2024-09-06-06-26,ok,scanpy_plot/1.7.1+galaxy1,,,,4080.0000000,1.0000000,,,,,,5.0000000
51ecf2c81d4f3f0b,ff4878ba0a6245bd,anvil-test-2024-09-06-06-26,ok,upload1,,,,4080.0000000,1.0000000,,,,,,6.0000000
8f146a4da3285a3e,ff4878ba0a6245bd,anvil-test-2024-09-06-06-26,error,upload1,,,,,,,,,,,
ae413ac7f0ffc741,ff4878ba0a6245bd,anvil-test-2024-09-06-06-26,ok,scanpy_plot/1.7.1+galaxy1,,,,4080.0000000,1.0000000,,,,,,4.0000000
64825b6f40377173,ff4878ba0a6245bd,anvil-test-2024-09-06-06-26,ok,upload1,,,,4080.0000000,1.0000000,,,,,,6.0000000
e536c6e26130127b,ff4878ba0a6245bd,anvil-test-2024-09-06-06-26,ok,scanpy_plot/1.7.1+galaxy1,,,,4080.0000000,1.0000000,,,,,,4.0000000
bb59066a785ddfe8,ff4878ba0a6245bd,anvil-test-2024-09-06-06-26,ok,upload1,,,,4080.0000000,1.0000000,,,,,,6.0000000
f05cf542a927e9bd,ff4878ba0a6245bd,anvil-test-2024-09-06-06-26,ok,scanpy_plot/1.7.1+galaxy1,,,,4080.0000000,1.0000000,,,,,,4.0000000
ff98c3be963748b8,ff4878ba0a6245bd,anvil-test-2024-09-06-06-26,ok,upload1,,,,4080.0000000,1.0000000,,,,,,5.0000000
0e084d2a09745996,ff4878ba0a6245bd,anvil-test-2024-09-06-06-26,ok,scanpy_plot/1.7.1+galaxy1,,,,4080.0000000,1.0000000,,,,,,5.0000000
d6d2321c86bb8841,ff4878ba0a6245bd,anvil-test-2024-09-06-06-26,ok,upload1,,,,4080.0000000,1.0000000,,,,,,6.0000000
5392bffdf90b06e2,ff4878ba0a6245bd,anvil-test-2024-09-06-06-26,ok,scanpy_plot/1.7.1+galaxy1,,,,4080.0000000,1.0000000,,,,,,4.0000000
4bc3d1ff38ebd6bb,ff4878ba0a6245bd,anvil-test-2024-09-06-06-26,ok,upload1,,,,4080.0000000,1.0000000,,,,,,6.0000000
0d7c8986a5bd908c,ff4878ba0a6245bd,anvil-test-2024-09-06-06-26,ok,scanpy_plot/1.7.1+galaxy1,,,,4080.0000000,1.0000000,,,,,,5.0000000
93842288aef53fe1,ff4878ba0a6245bd,anvil-test-2024-09-06-06-26,ok,upload1,,,,4080.0000000,1.0000000,,,,,,6.0000000
63d9d5006e564020,ff4878ba0a6245bd,anvil-test-2024-09-06-06-26,ok,scanpy_plot/1.7.1+galaxy1,,,,4080.0000000,1.0000000,,,,,,5.0000000
7a5ac8260e5ee48f,ff4878ba0a6245bd,anvil-test-2024-09-06-06-26,ok,upload1,,,,4080.0000000,1.0000000,,,,,,6.0000000
0872420d79a76b4b,ff4878ba0a6245bd,anvil-test-2024-09-06-06-26,ok,scanpy_plot/1.7.1+galaxy1,,,,4080.0000000,1.0000000,,,,,,4.0000000
899808fd48ed61fb,ff4878ba0a6245bd,anvil-test-2024-09-06-06-26,ok,upload1,,,,4080.0000000,1.0000000,,,,,,6.0000000
5ce2be2458c13cf3,ff4878ba0a6245bd,anvil-test-2024-09-06-06-26,ok,scanpy_plot/1.7.1+galaxy1,,,,4080.0000000,1.0000000,,,,,,4.0000000
a829d8a44f586e6d,ff4878ba0a6245bd,anvil-test-2024-09-06-06-26,ok,upload1,,,,4080.0000000,1.0000000,,,,,,6.0000000
01e0a788876a0a56,ff4878ba0a6245bd,anvil-test-2024-09-06-06-26,ok,scanpy_plot/1.7.1+galaxy1,,,,4080.0000000,1.0000000,,,,,,4.0000000
b2e8309887be9890,ff4878ba0a6245bd,anvil-test-2024-09-06-06-26,ok,upload1,,,,4080.0000000,1.0000000,,,,,,6.0000000
40fe0d1d0cdce27d,ff4878ba0a6245bd,anvil-test-2024-09-06-06-26,ok,upload1,,,,4080.0000000,1.0000000,,,,,,7.0000000
6a41e91115090589,ff4878ba0a6245bd,anvil-test-2024-09-06-06-26,ok,upload1,,,,4080.0000000,1.0000000,,,,,,7.0000000
d129c14e64edf7e8,ff4878ba0a6245bd,anvil-test-2024-09-06-06-26,ok,upload1,,,,4080.0000000,1.0000000,,,,,,6.0000000
917b08caa52c1778,ff4878ba0a6245bd,anvil-test-2024-09-06-06-26,error,upload1,,,,,,,,,,,
d426b021c314ffc8,ff4878ba0a6245bd,anvil-test-2024-09-06-06-26,error,alevin/1.5.1+galaxy0,,,,,,,,,,,
794f38e98d8ad1b1,ff4878ba0a6245bd,anvil-test-2024-09-06-06-26,ok,upload1,,,,4080.0000000,1.0000000,,,,,,7.0000000
0d8dd054f7122746,ff4878ba0a6245bd,anvil-test-2024-09-06-06-26,ok,upload1,,,,4080.0000000,1.0000000,,,,,,6.0000000
e3ded639ee57739a,ff4878ba0a6245bd,anvil-test-2024-09-06-06-26,ok,upload1,,,,4080.0000000,1.0000000,,,,,,7.0000000
18067a35d8252a61,ff4878ba0a6245bd,anvil-test-2024-09-06-06-26,ok,upload1,,,,4080.0000000,1.0000000,,,,,,6.0000000
bc6098f2596a3d04,ff4878ba0a6245bd,anvil-test-2024-09-06-06-26,error,alevin/1.5.1+galaxy0,,,,,,,,,,,
51ed6c8615403e0c,ff4878ba0a6245bd,anvil-test-2024-09-06-06-26,ok,upload1,,,,4080.0000000,1.0000000,,,,,,6.0000000
7678be795947120e,ff4878ba0a6245bd,anvil-test-2024-09-06-06-26,ok,upload1,,,,4080.0000000,1.0000000,,,,,,6.0000000
547b55081ea6dadf,ff4878ba0a6245bd,anvil-test-2024-09-06-06-26,ok,upload1,,,,4080.0000000,1.0000000,,,,,,6.0000000
e3735f8ebd670b73,ff4878ba0a6245bd,anvil-test-2024-09-06-06-26,ok,upload1,,,,4080.0000000,1.0000000,,,,,,7.0000000
193ee7fbe9355b12,ff4878ba0a6245bd,anvil-test-2024-09-06-06-26,error,alevin/1.5.1+galaxy0,,,,,,,,,,,
8d42d34cecb00b90,ff4878ba0a6245bd,anvil-test-2024-09-06-06-26,ok,upload1,,,,4080.0000000,1.0000000,,,,,,6.0000000
9bae3cb762485977,ff4878ba0a6245bd,anvil-test-2024-09-06-06-26,ok,upload1,,,,4080.0000000,1.0000000,,,,,,6.0000000
bbe4624fae5eb866,ff4878ba0a6245bd,anvil-test-2024-09-06-06-26,ok,upload1,,,,4080.0000000,1.0000000,,,,,,6.0000000
a5d87c04afc718b4,ff4878ba0a6245bd,anvil-test-2024-09-06-06-26,ok,upload1,,,,4080.0000000,1.0000000,,,,,,6.0000000
6773713577d7f110,ff4878ba0a6245bd,anvil-test-2024-09-06-06-26,ok,anndata_export/0.7.5+galaxy1,,,,16320.0000000,4.0000000,,,,,,1.0000000
065b5a586f1d0c10,ff4878ba0a6245bd,anvil-test-2024-09-06-06-26,ok,upload1,,,,4080.0000000,1.0000000,,,,,,6.0000000
5f8c80a11f670b24,ff4878ba0a6245bd,anvil-test-2024-09-06-06-26,ok,anndata_export/0.7.5+galaxy1,,,,16320.0000000,4.0000000,,,,,,2.0000000
80dd5a6066127b01,ff4878ba0a6245bd,anvil-test-2024-09-06-06-26,ok,upload1,,,,4080.0000000,1.0000000,,,,,,6.0000000
b07b2e788ad2c08a,ff4878ba0a6245bd,anvil-test-2024-09-06-06-26,ok,anndata_export/0.7.5+galaxy1,,,,16320.0000000,4.0000000,,,,,,1.0000000
d2a5f133bfc7866d,ff4878ba0a6245bd,anvil-test-2024-09-06-06-26,ok,upload1,,,,4080.0000000,1.0000000,,,,,,6.0000000
6577ee4dc3d8af68,ff4878ba0a6245bd,anvil-test-2024-09-06-06-26,ok,anndata_export/0.7.5+galaxy1,,,,16320.0000000,4.0000000,,,,,,1.0000000
9af2c26951bb23e2,ff4878ba0a6245bd,anvil-test-2024-09-06-06-26,ok,upload1,,,,4080.0000000,1.0000000,,,,,,6.0000000
94c79694b5401efe,ff4878ba0a6245bd,anvil-test-2024-09-06-06-26,ok,anndata_export/0.7.5+galaxy1,,,,16320.0000000,4.0000000,,,,,,1.0000000
40262b3f8a48e894,ff4878ba0a6245bd,anvil-test-2024-09-06-06-26,ok,upload1,,,,4080.0000000,1.0000000,,,,,,6.0000000
91ff1e25649610eb,ff4878ba0a6245bd,anvil-test-2024-09-06-06-26,ok,anndata_export/0.7.5+galaxy1,,,,16320.0000000,4.0000000,,,,,,2.0000000
956e704ba988eff8,ff4878ba0a6245bd,anvil-test-2024-09-06-06-26,ok,upload1,,,,4080.0000000,1.0000000,,,,,,6.0000000
b5897285a0c35cef,ff4878ba0a6245bd,anvil-test-2024-09-06-06-26,error,bam_to_sam/2.0.1,,,,,,,,,,,
5b0a11c983c3770f,ff4878ba0a6245bd,anvil-test-2024-09-06-06-26,ok,upload1,,,,4080.0000000,1.0000000,,,,,,7.0000000
cc7f2fbdf0be8fbb,ff4878ba0a6245bd,anvil-test-2024-09-06-06-26,ok,bam_to_sam/2.0.1,,,,4080.0000000,1.0000000,,,,,,0E-7
e729405016c6efc4,ff4878ba0a6245bd,anvil-test-2024-09-06-06-26,ok,upload1,,,,4080.0000000,1.0000000,,,,,,7.0000000
eb395ed63773385b,ff4878ba0a6245bd,anvil-test-2024-09-06-06-26,ok,bam_to_sam/2.0.1,,,,4080.0000000,1.0000000,,,,,,0E-7
723667cdd610a287,ff4878ba0a6245bd,anvil-test-2024-09-06-06-26,ok,upload1,,,,4080.0000000,1.0000000,,,,,,6.0000000
ee2dcb2998427c5f,ff4878ba0a6245bd,anvil-test-2024-09-06-06-26,ok,samtools_merge/1.9,,,,4080.0000000,1.0000000,,,,,,1.0000000
ebb61d61da9b19a3,ff4878ba0a6245bd,anvil-test-2024-09-06-06-26,ok,upload1,,,,4080.0000000,1.0000000,,,,,,6.0000000
1aecb83ba2b1126b,ff4878ba0a6245bd,anvil-test-2024-09-06-06-26,ok,upload1,,,,4080.0000000,1.0000000,,,,,,6.0000000
d3011d881e59974d,ff4878ba0a6245bd,anvil-test-2024-09-06-06-26,ok,upload1,,,,4080.0000000,1.0000000,,,,,,7.0000000
a0e944882b8a76f9,ff4878ba0a6245bd,anvil-test-2024-09-06-06-26,error,upload1,,,,,,,,,,,
395ef3706328132c,ff4878ba0a6245bd,anvil-test-2024-09-06-06-26,ok,samtools_merge/1.9,,,,4080.0000000,1.0000000,,,,,,0E-7
c51bd443f48262ef,ff4878ba0a6245bd,anvil-test-2024-09-06-06-26,ok,upload1,,,,4080.0000000,1.0000000,,,,,,7.0000000
5d6c447f663d8f5e,ff4878ba0a6245bd,anvil-test-2024-09-06-06-26,ok,samtools_merge/1.9,,,,4080.0000000,1.0000000,,,,,,0E-7
afcf0a14b16b05c9,ff4878ba0a6245bd,anvil-test-2024-09-06-06-26,ok,upload1,,,,4080.0000000,1.0000000,,,,,,6.0000000
7409ab8dab212155,ff4878ba0a6245bd,anvil-test-2024-09-06-06-26,ok,upload1,,,,4080.0000000,1.0000000,,,,,,6.0000000
178189f447b14c55,ff4878ba0a6245bd,anvil-test-2024-09-06-06-26,ok,upload1,,,,4080.0000000,1.0000000,,,,,,7.0000000
0838f15905a8db9d,ff4878ba0a6245bd,anvil-test-2024-09-06-06-26,ok,samtools_merge/1.9,,,,4080.0000000,1.0000000,,,,,,0E-7
0498157782997e55,ff4878ba0a6245bd,anvil-test-2024-09-06-06-26,ok,upload1,,,,4080.0000000,1.0000000,,,,,,6.0000000
97e4f0cc52d63352,ff4878ba0a6245bd,anvil-test-2024-09-06-06-26,ok,upload1,,,,4080.0000000,1.0000000,,,,,,6.0000000
6649da92b4dd5bdd,ff4878ba0a6245bd,anvil-test-2024-09-06-06-26,ok,upload1,,,,4080.0000000,1.0000000,,,,,,6.0000000
5ee708c8139f3cf2,ff4878ba0a6245bd,anvil-test-2024-09-06-06-26,ok,samtools_merge/1.9,,,,4080.0000000,1.0000000,,,,,,0E-7
3bd62f2250d4af83,ff4878ba0a6245bd,anvil-test-2024-09-06-06-26,ok,upload1,,,,4080.0000000,1.0000000,,,,,,6.0000000
f5f26853f5ff2ba1,ff4878ba0a6245bd,anvil-test-2024-09-06-06-26,ok,upload1,,,,4080.0000000,1.0000000,,,,,,6.0000000
e0ee00b48a6eb53c,ff4878ba0a6245bd,anvil-test-2024-09-06-06-26,ok,samtools_merge/1.9,,,,4080.0000000,1.0000000,,,,,,0E-7
87dc709f8d7f281e,ff4878ba0a6245bd,anvil-test-2024-09-06-06-26,ok,upload1,,,,4080.0000000,1.0000000,,,,,,6.0000000
b0d9e148f4d688af,ff4878ba0a6245bd,anvil-test-2024-09-06-06-26,ok,upload1,,,,4080.0000000,1.0000000,,,,,,6.0000000
4a52017b8026f033,ff4878ba0a6245bd,anvil-test-2024-09-06-06-26,ok,samtools_merge/1.9,,,,4080.0000000,1.0000000,,,,,,0E-7
b2d0b0fc4e84f851,ff4878ba0a6245bd,anvil-test-2024-09-06-06-26,ok,upload1,,,,4080.0000000,1.0000000,,,,,,7.0000000
2a87662927ed063f,ff4878ba0a6245bd,anvil-test-2024-09-06-06-26,ok,samtools_merge/1.9,,,,4080.0000000,1.0000000,,,,,,1.0000000
f47ace9f89c6ce27,ff4878ba0a6245bd,anvil-test-2024-09-06-06-26,ok,upload1,,,,4080.0000000,1.0000000,,,,,,7.0000000
e4f1bb5e86f7b166,ff4878ba0a6245bd,anvil-test-2024-09-06-06-26,ok,upload1,,,,4080.0000000,1.0000000,,,,,,7.0000000
b5ca5ac98e0dd286,ff4878ba0a6245bd,anvil-test-2024-09-06-06-26,ok,upload1,,,,4080.0000000,1.0000000,,,,,,6.0000000
d6790dcba2d54fc8,ff4878ba0a6245bd,anvil-test-2024-09-06-06-26,ok,upload1,,,,4080.0000000,1.0000000,,,,,,6.0000000
191f9316175c6e5e,ff4878ba0a6245bd,anvil-test-2024-09-06-06-26,ok,upload1,,,,4080.0000000,1.0000000,,,,,,7.0000000
4f897c086aa75231,ff4878ba0a6245bd,anvil-test-2024-09-06-06-26,error,upload1,,,,,,,,,,,
ce44fe003f8fd21e,ff4878ba0a6245bd,anvil-test-2024-09-06-06-26,ok,hisat2/2.2.1+galaxy1,,,,21474.0000000,8.0000000,,,,,,1.0000000
f7dc925ba680966a,ff4878ba0a6245bd,anvil-test-2024-09-06-06-26,ok,upload1,,,,4080.0000000,1.0000000,,,,,,6.0000000
ca3c830ec358a191,ff4878ba0a6245bd,anvil-test-2024-09-06-06-26,ok,upload1,,,,4080.0000000,1.0000000,,,,,,6.0000000
343c8d59d6cd035e,ff4878ba0a6245bd,anvil-test-2024-09-06-06-26,ok,hisat2/2.2.1+galaxy1,,,,21474.0000000,8.0000000,,,,,,1.0000000
870deff567a47388,ff4878ba0a6245bd,anvil-test-2024-09-06-06-26,ok,upload1,,,,4080.0000000,1.0000000,,,,,,6.0000000
06e54f3f2bd4df91,ff4878ba0a6245bd,anvil-test-2024-09-06-06-26,ok,upload1,,,,4080.0000000,1.0000000,,,,,,6.0000000
edc94f22fb860997,ff4878ba0a6245bd,anvil-test-2024-09-06-06-26,error,hisat2/2.2.1+galaxy1,,,,,,,,,,,
e55239e3fc357c7b,ff4878ba0a6245bd,anvil-test-2024-09-06-06-26,ok,upload1,,,,4080.0000000,1.0000000,,,,,,7.0000000
085b74ab3e26e09f,ff4878ba0a6245bd,anvil-test-2024-09-06-06-26,ok,upload1,,,,4080.0000000,1.0000000,,,,,,7.0000000
f6f3edfb8e231f5f,ff4878ba0a6245bd,anvil-test-2024-09-06-06-26,ok,hisat2/2.2.1+galaxy1,,,,21474.0000000,8.0000000,,,,,,1.0000000
b3098dd0fb0e24de,ff4878ba0a6245bd,anvil-test-2024-09-06-06-26,ok,upload1,,,,4080.0000000,1.0000000,,,,,,5.0000000
298cb450d2377c34,ff4878ba0a6245bd,anvil-test-2024-09-06-06-26,ok,upload1,,,,4080.0000000,1.0000000,,,,,,6.0000000
5bdbdba40d234ad1,ff4878ba0a6245bd,anvil-test-2024-09-06-06-26,ok,upload1,,,,4080.0000000,1.0000000,,,,,,6.0000000
0e9e203c4c87f8a9,ff4878ba0a6245bd,anvil-test-2024-09-06-06-26,error,upload1,,,,,,,,,,,
acffafb7021ba145,ff4878ba0a6245bd,anvil-test-2024-09-06-06-26,ok,hisat2/2.2.1+galaxy1,,,,21474.0000000,8.0000000,,,,,,1.0000000
ece7d01c07c0f229,ff4878ba0a6245bd,anvil-test-2024-09-06-06-26,ok,upload1,,,,4080.0000000,1.0000000,,,,,,6.0000000
9a987fc20499ed55,ff4878ba0a6245bd,anvil-test-2024-09-06-06-26,ok,upload1,,,,4080.0000000,1.0000000,,,,,,6.0000000
9594270adec097f2,ff4878ba0a6245bd,anvil-test-2024-09-06-06-26,ok,hisat2/2.2.1+galaxy1,,,,21474.0000000,8.0000000,,,,,,1.0000000
4c44b8bb09451bd4,ff4878ba0a6245bd,anvil-test-2024-09-06-06-26,ok,upload1,,,,4080.0000000,1.0000000,,,,,,7.0000000
ce89cc74f3ae9bf6,ff4878ba0a6245bd,anvil-test-2024-09-06-06-26,ok,upload1,,,,4080.0000000,1.0000000,,,,,,6.0000000
53f009095ed7cf7f,ff4878ba0a6245bd,anvil-test-2024-09-06-06-26,error,hisat2/2.2.1+galaxy1,,,,,,,,,,,
3578f7c88848899f,ff4878ba0a6245bd,anvil-test-2024-09-06-06-26,ok,upload1,,,,4080.0000000,1.0000000,,,,,,7.0000000
afb496e05afe284d,ff4878ba0a6245bd,anvil-test-2024-09-06-06-26,ok,upload1,,,,4080.0000000,1.0000000,,,,,,7.0000000
ec6be2ac5daa5038,ff4878ba0a6245bd,anvil-test-2024-09-06-06-26,ok,upload1,,,,4080.0000000,1.0000000,,,,,,7.0000000
f3450ee362a8971f,ff4878ba0a6245bd,anvil-test-2024-09-06-06-26,ok,hisat2/2.2.1+galaxy1,,,,21474.0000000,8.0000000,,,,,,0E-7
98a15d9c9cfad4dd,ff4878ba0a6245bd,anvil-test-2024-09-06-06-26,ok,upload1,,,,4080.0000000,1.0000000,,,,,,6.0000000
3934de5cfa82df8b,ff4878ba0a6245bd,anvil-test-2024-09-06-06-26,ok,upload1,,,,4080.0000000,1.0000000,,,,,,6.0000000
e2d3b9a6df0a827c,ff4878ba0a6245bd,anvil-test-2024-09-06-06-26,ok,upload1,,,,4080.0000000,1.0000000,,,,,,6.0000000
89cef1a2071b7248,ff4878ba0a6245bd,anvil-test-2024-09-06-06-26,ok,hisat2/2.2.1+galaxy1,,,,21474.0000000,8.0000000,,,,,,1.0000000
38de81d4d8c9090e,ff4878ba0a6245bd,anvil-test-2024-09-06-06-26,ok,upload1,,,,4080.0000000,1.0000000,,,,,,6.0000000
f1983f916c88d9be,ff4878ba0a6245bd,anvil-test-2024-09-06-06-26,ok,upload1,,,,4080.0000000,1.0000000,,,,,,6.0000000
38a60db1ee7dd499,ff4878ba0a6245bd,anvil-test-2024-09-06-06-26,ok,upload1,,,,4080.0000000,1.0000000,,,,,,7.0000000
86aaa9f1f3f0af41,ff4878ba0a6245bd,anvil-test-2024-09-06-06-26,ok,hisat2/2.2.1+galaxy1,,,,21474.0000000,8.0000000,,,,,,1.0000000
c0d9583343bbb071,ff4878ba0a6245bd,anvil-test-2024-09-06-06-26,ok,upload1,,,,4080.0000000,1.0000000,,,,,,7.0000000
5726dd088ed6d6a1,ff4878ba0a6245bd,anvil-test-2024-09-06-06-26,ok,upload1,,,,4080.0000000,1.0000000,,,,,,7.0000000
809483d77bd486b5,ff4878ba0a6245bd,anvil-test-2024-09-06-06-26,ok,hisat2/2.2.1+galaxy1,,,,21474.0000000,8.0000000,,,,,,1.0000000
0fa330d36761e329,ff4878ba0a6245bd,anvil-test-2024-09-06-06-26,ok,upload1,,,,4080.0000000,1.0000000,,,,,,6.0000000
f398d87b22e7c870,ff4878ba0a6245bd,anvil-test-2024-09-06-06-26,ok,upload1,,,,4080.0000000,1.0000000,,,,,,7.0000000
14a112474c6dd395,ff4878ba0a6245bd,anvil-test-2024-09-06-06-26,ok,hisat2/2.2.1+galaxy1,,,,21474.0000000,8.0000000,,,,,,1.0000000
c78cfbffa53c15ea,ff4878ba0a6245bd,anvil-test-2024-09-06-06-26,ok,upload1,,,,4080.0000000,1.0000000,,,,,,6.0000000
273f457bd0f01d5a,ff4878ba0a6245bd,anvil-test-2024-09-06-06-26,ok,upload1,,,,4080.0000000,1.0000000,,,,,,6.0000000
d0cbcfb4ec97d84c,ff4878ba0a6245bd,anvil-test-2024-09-06-06-26,ok,upload1,,,,4080.0000000,1.0000000,,,,,,6.0000000
ea4eb0231ea2a505,ff4878ba0a6245bd,anvil-test-2024-09-06-06-26,ok,upload1,,,,4080.0000000,1.0000000,,,,,,6.0000000
7626818e5b013ba8,ff4878ba0a6245bd,anvil-test-2024-09-06-06-26,ok,upload1,,,,4080.0000000,1.0000000,,,,,,6.0000000
68701e5c8d52dabc,ff4878ba0a6245bd,anvil-test-2024-09-06-06-26,error,upload1,,,,,,,,,,,
80dbeccba48a0f63,ff4878ba0a6245bd,anvil-test-2024-09-06-06-26,ok,hisat2/2.2.1+galaxy1,,,,21474.0000000,8.0000000,,,,,,1.0000000
eeba03445f3b85bf,ff4878ba0a6245bd,anvil-test-2024-09-06-06-26,ok,upload1,,,,4080.0000000,1.0000000,,,,,,6.0000000
a9f4f2800a32ccf8,ff4878ba0a6245bd,anvil-test-2024-09-06-06-26,ok,upload1,,,,4080.0000000,1.0000000,,,,,,7.0000000
7efe173d6f63867a,ff4878ba0a6245bd,anvil-test-2024-09-06-06-26,ok,hisat2/2.2.1+galaxy1,,,,21474.0000000,8.0000000,,,,,,1.0000000
5514fb4ab5cc7101,ff4878ba0a6245bd,anvil-test-2024-09-06-06-26,ok,upload1,,,,4080.0000000,1.0000000,,,,,,7.0000000
3b86aaf97f220eb2,ff4878ba0a6245bd,anvil-test-2024-09-06-06-26,ok,upload1,,,,4080.0000000,1.0000000,,,,,,7.0000000
ca3f7dd02a8fa734,ff4878ba0a6245bd,anvil-test-2024-09-06-06-26,ok,upload1,,,,4080.0000000,1.0000000,,,,,,7.0000000
cf309468d373a9fc,ff4878ba0a6245bd,anvil-test-2024-09-06-06-26,ok,upload1,,,,4080.0000000,1.0000000,,,,,,6.0000000
b4a1ac561067304d,ff4878ba0a6245bd,anvil-test-2024-09-06-06-26,ok,upload1,,,,4080.0000000,1.0000000,,,,,,6.0000000
60adf10de48fc7f2,ff4878ba0a6245bd,anvil-test-2024-09-06-06-26,error,upload1,,,,,,,,,,,
2862be838945bc5e,ff4878ba0a6245bd,anvil-test-2024-09-06-06-26,ok,hisat2/2.2.1+galaxy1,,,,21474.0000000,8.0000000,,,,,,1.0000000
b60c007e4e2050ec,ff4878ba0a6245bd,anvil-test-2024-09-06-06-26,ok,upload1,,,,4080.0000000,1.0000000,,,,,,5.0000000
656b750252c4f632,ff4878ba0a6245bd,anvil-test-2024-09-06-06-26,ok,upload1,,,,4080.0000000,1.0000000,,,,,,6.0000000
adeab2aeaa0d8220,ff4878ba0a6245bd,anvil-test-2024-09-06-06-26,error,hisat2/2.2.1+galaxy1,,,,,,,,,,,
d9da0d375b1d8429,ff4878ba0a6245bd,anvil-test-2024-09-06-06-26,ok,upload1,,,,4080.0000000,1.0000000,,,,,,6.0000000
03071c26eefb4b12,ff4878ba0a6245bd,anvil-test-2024-09-06-06-26,ok,upload1,,,,4080.0000000,1.0000000,,,,,,6.0000000
a0878d160e069dbd,ff4878ba0a6245bd,anvil-test-2024-09-06-06-26,ok,hisat2/2.2.1+galaxy1,,,,21474.0000000,8.0000000,,,,,,1.0000000
c2e851c80b0ee2ea,ff4878ba0a6245bd,anvil-test-2024-09-06-06-26,ok,upload1,,,,4080.0000000,1.0000000,,,,,,7.0000000
bade3414380d0c48,ff4878ba0a6245bd,anvil-test-2024-09-06-06-26,ok,upload1,,,,4080.0000000,1.0000000,,,,,,7.0000000
82c9a8541a69463d,ff4878ba0a6245bd,anvil-test-2024-09-06-06-26,ok,upload1,,,,4080.0000000,1.0000000,,,,,,6.0000000
4e4ef77212a89ed7,ff4878ba0a6245bd,anvil-test-2024-09-06-06-26,error,upload1,,,,,,,,,,,
fd9f7f56f7cd5cf3,ff4878ba0a6245bd,anvil-test-2024-09-06-06-26,ok,hisat2/2.2.1+galaxy1,,,,21474.0000000,8.0000000,,,,,,1.0000000
07393c4dbcdeefd8,ff4878ba0a6245bd,anvil-test-2024-09-06-06-26,ok,upload1,,,,4080.0000000,1.0000000,,,,,,6.0000000
880204092759b1c6,ff4878ba0a6245bd,anvil-test-2024-09-06-06-26,ok,upload1,,,,4080.0000000,1.0000000,,,,,,6.0000000
8fdb05f1e8d197f4,ff4878ba0a6245bd,anvil-test-2024-09-06-06-26,ok,hisat2/2.2.1+galaxy1,,,,21474.0000000,8.0000000,,,,,,1.0000000
c963f7bed111c818,ff4878ba0a6245bd,anvil-test-2024-09-06-06-26,ok,upload1,,,,4080.0000000,1.0000000,,,,,,6.0000000
c4684bb7a23c2461,ff4878ba0a6245bd,anvil-test-2024-09-06-06-26,ok,upload1,,,,4080.0000000,1.0000000,,,,,,6.0000000
36dd5b08d8b373dc,ff4878ba0a6245bd,anvil-test-2024-09-06-06-26,error,hisat2/2.2.1+galaxy1,,,,,,,,,,,
40b248fc1dcc7df7,ff4878ba0a6245bd,anvil-test-2024-09-06-06-26,ok,upload1,,,,4080.0000000,1.0000000,,,,,,6.0000000
2176bd78865d89b0,ff4878ba0a6245bd,anvil-test-2024-09-06-06-26,ok,upload1,,,,4080.0000000,1.0000000,,,,,,5.0000000
74404c2aa7c17aee,ff4878ba0a6245bd,anvil-test-2024-09-06-06-26,ok,hisat2/2.2.1+galaxy1,,,,21474.0000000,8.0000000,,,,,,1.0000000
337d1116f57615f5,ff4878ba0a6245bd,anvil-test-2024-09-06-06-26,ok,upload1,,,,4080.0000000,1.0000000,,,,,,6.0000000
4954dda5f5ecfadc,ff4878ba0a6245bd,anvil-test-2024-09-06-06-26,ok,upload1,,,,4080.0000000,1.0000000,,,,,,6.0000000
893b7e6b20184974,ff4878ba0a6245bd,anvil-test-2024-09-06-06-26,ok,upload1,,,,4080.0000000,1.0000000,,,,,,6.0000000
ad6f19ee7c0c3916,ff4878ba0a6245bd,anvil-test-2024-09-06-06-26,ok,hisat2/2.2.1+galaxy1,,,,21474.0000000,8.0000000,,,,,,1.0000000
a1541c289af516cb,ff4878ba0a6245bd,anvil-test-2024-09-06-06-26,ok,upload1,,,,4080.0000000,1.0000000,,,,,,6.0000000
3f2767ef1586fb51,ff4878ba0a6245bd,anvil-test-2024-09-06-06-26,ok,upload1,,,,4080.0000000,1.0000000,,,,,,6.0000000
29513469489fa540,ff4878ba0a6245bd,anvil-test-2024-09-06-06-26,ok,upload1,,,,4080.0000000,1.0000000,,,,,,6.0000000
af55309e2d70f7a7,ff4878ba0a6245bd,anvil-test-2024-09-06-06-26,ok,hisat2/2.2.1+galaxy1,,,,21474.0000000,8.0000000,,,,,,1.0000000
bca04bc7ad182f9f,ff4878ba0a6245bd,anvil-test-2024-09-06-06-26,ok,upload1,,,,4080.0000000,1.0000000,,,,,,7.0000000
454042484212d3b8,ff4878ba0a6245bd,anvil-test-2024-09-06-06-26,ok,upload1,,,,4080.0000000,1.0000000,,,,,,6.0000000
9625cfde3d4566e0,ff4878ba0a6245bd,anvil-test-2024-09-06-06-26,ok,upload1,,,,4080.0000000,1.0000000,,,,,,6.0000000
3a06f3256221c792,ff4878ba0a6245bd,anvil-test-2024-09-06-06-26,ok,hisat2/2.2.1+galaxy1,,,,21474.0000000,8.0000000,,,,,,1.0000000
56120301af28f0f5,ff4878ba0a6245bd,anvil-test-2024-09-06-06-26,ok,upload1,,,,4080.0000000,1.0000000,,,,,,6.0000000
f7e2c0b2d296a499,ff4878ba0a6245bd,anvil-test-2024-09-06-06-26,ok,upload1,,,,4080.0000000,1.0000000,,,,,,6.0000000
0ffea2603afa14fc,ff4878ba0a6245bd,anvil-test-2024-09-06-06-26,ok,hisat2/2.2.1+galaxy1,,,,21474.0000000,8.0000000,,,,,,1.0000000
9f8b224377766cd3,ff4878ba0a6245bd,anvil-test-2024-09-06-06-26,ok,upload1,,,,4080.0000000,1.0000000,,,,,,6.0000000
e826a39216b05aca,ff4878ba0a6245bd,anvil-test-2024-09-06-06-26,ok,upload1,,,,4080.0000000,1.0000000,,,,,,6.0000000
f5895deda5f92c31,ff4878ba0a6245bd,anvil-test-2024-09-06-06-26,ok,hisat2/2.2.1+galaxy1,,,,21474.0000000,8.0000000,,,,,,0E-7
2985cab71a81f7a4,ff4878ba0a6245bd,anvil-test-2024-09-06-06-26,ok,upload1,,,,4080.0000000,1.0000000,,,,,,6.0000000
9353eab9a5e7c3fc,ff4878ba0a6245bd,anvil-test-2024-09-06-06-26,ok,upload1,,,,4080.0000000,1.0000000,,,,,,6.0000000
5c948fa80e1b62b2,ff4878ba0a6245bd,anvil-test-2024-09-06-06-26,ok,upload1,,,,4080.0000000,1.0000000,,,,,,6.0000000
57f1ecd232d9af71,ff4878ba0a6245bd,anvil-test-2024-09-06-06-26,ok,hisat2/2.2.1+galaxy1,,,,21474.0000000,8.0000000,,,,,,1.0000000
39eeece383be12c3,ff4878ba0a6245bd,anvil-test-2024-09-06-06-26,ok,upload1,,,,4080.0000000,1.0000000,,,,,,6.0000000
3b6a691fedb76181,ff4878ba0a6245bd,anvil-test-2024-09-06-06-26,ok,upload1,,,,4080.0000000,1.0000000,,,,,,6.0000000
c80867ac32c2ccda,ff4878ba0a6245bd,anvil-test-2024-09-06-06-26,ok,upload1,,,,4080.0000000,1.0000000,,,,,,6.0000000
5dc7beb8b1af0649,ff4878ba0a6245bd,anvil-test-2024-09-06-06-26,ok,hisat2/2.2.1+galaxy1,,,,21474.0000000,8.0000000,,,,,,31.0000000
4a114e53f12fffbf,ff4878ba0a6245bd,anvil-test-2024-09-06-06-26,ok,upload1,,,,4080.0000000,1.0000000,,,,,,6.0000000
456fbbd8422eb086,ff4878ba0a6245bd,anvil-test-2024-09-06-06-26,ok,upload1,,,,4080.0000000,1.0000000,,,,,,6.0000000
ead3bfda8fb4f29b,ff4878ba0a6245bd,anvil-test-2024-09-06-06-26,ok,hisat2/2.2.1+galaxy1,,,,21474.0000000,8.0000000,,,,,,1.0000000
936ca3ce6de974af,ff4878ba0a6245bd,anvil-test-2024-09-06-06-26,ok,upload1,,,,4080.0000000,1.0000000,,,,,,6.0000000
241b581893f40670,ff4878ba0a6245bd,anvil-test-2024-09-06-06-26,ok,upload1,,,,4080.0000000,1.0000000,,,,,,6.0000000
c750d06e440d7da4,ff4878ba0a6245bd,anvil-test-2024-09-06-06-26,ok,upload1,,,,4080.0000000,1.0000000,,,,,,7.0000000
fc496000f6035241,ff4878ba0a6245bd,anvil-test-2024-09-06-06-26,ok,hisat2/2.2.1+galaxy1,,,,21474.0000000,8.0000000,,,,,,1.0000000
c7c746326821ff1c,ff4878ba0a6245bd,anvil-test-2024-09-06-06-26,ok,upload1,,,,4080.0000000,1.0000000,,,,,,6.0000000
36f17009ec8f7435,ff4878ba0a6245bd,anvil-test-2024-09-06-06-26,ok,upload1,,,,4080.0000000,1.0000000,,,,,,6.0000000
b701ce7db46a74a0,ff4878ba0a6245bd,anvil-test-2024-09-06-06-26,ok,upload1,,,,4080.0000000,1.0000000,,,,,,6.0000000
3c74825fd72c8856,ff4878ba0a6245bd,anvil-test-2024-09-06-06-26,ok,poretools_tabular/0.6.1a1.0,,,,12240.0000000,1.0000000,,,,,,1.0000000
efe94fdc0a0b0b4e,ff4878ba0a6245bd,anvil-test-2024-09-06-06-26,ok,upload1,,,,4080.0000000,1.0000000,,,,,,6.0000000
36bc1977962cd33b,ff4878ba0a6245bd,anvil-test-2024-09-06-06-26,ok,poretools_tabular/0.6.1a1.0,,,,12240.0000000,1.0000000,,,,,,1.0000000
ffb63e27cc2b6d79,ff4878ba0a6245bd,anvil-test-2024-09-06-06-26,ok,upload1,,,,4080.0000000,1.0000000,,,,,,6.0000000
c221f572236e1eed,ff4878ba0a6245bd,anvil-test-2024-09-06-06-26,ok,poretools_tabular/0.6.1a1.0,,,,12240.0000000,1.0000000,,,,,,0E-7
b254aa027a151b50,ff4878ba0a6245bd,anvil-test-2024-09-06-06-26,ok,upload1,,,,4080.0000000,1.0000000,,,,,,6.0000000
daf044c9dd54b681,ff4878ba0a6245bd,anvil-test-2024-09-06-06-26,ok,poretools_tabular/0.6.1a1.0,,,,12240.0000000,1.0000000,,,,,,1.0000000
0aacc3514a8db119,ff4878ba0a6245bd,anvil-test-2024-09-06-06-26,ok,upload1,,,,4080.0000000,1.0000000,,,,,,6.0000000
162ecae274fdc17f,ff4878ba0a6245bd,anvil-test-2024-09-06-06-26,error,poretools_tabular/0.6.1a1.0,,,,,,,,,,,
be3e9d226982ed85,ff4878ba0a6245bd,anvil-test-2024-09-06-06-26,ok,upload1,,,,4080.0000000,1.0000000,,,,,,6.0000000
b0906fd034e3d8a4,ff4878ba0a6245bd,anvil-test-2024-09-06-06-26,error,flye/2.6,,,,,,,,,,,
34a94fefe1bd4236,ff4878ba0a6245bd,anvil-test-2024-09-06-06-26,ok,upload1,,,,4080.0000000,1.0000000,,,,,,6.0000000
6c267b1d9476543b,ff4878ba0a6245bd,anvil-test-2024-09-06-06-26,ok,flye/2.6,,,,51539.0000000,8.0000000,,,,,,77.0000000
37a795dacffbbeba,ff4878ba0a6245bd,anvil-test-2024-09-06-06-26,ok,upload1,,,,4080.0000000,1.0000000,,,,,,6.0000000
d070d7ff01a5a06e,ff4878ba0a6245bd,anvil-test-2024-09-06-06-26,error,upload1,,,,,,,,,,,
9833de9742f4ccb6,ff4878ba0a6245bd,anvil-test-2024-09-06-06-26,ok,flye/2.6,,,,51539.0000000,8.0000000,,,,,,78.0000000
7744c1cd1f87fd2d,ff4878ba0a6245bd,anvil-test-2024-09-06-06-26,ok,upload1,,,,4080.0000000,1.0000000,,,,,,6.0000000
e3ec076cc564958a,ff4878ba0a6245bd,anvil-test-2024-09-06-06-26,error,minimap2/2.17+galaxy4,,,,,,,,,,,
e5ece532600a435b,ff4878ba0a6245bd,anvil-test-2024-09-06-06-26,ok,upload1,,,,4080.0000000,1.0000000,,,,,,6.0000000
0da54d817c7409eb,ff4878ba0a6245bd,anvil-test-2024-09-06-06-26,error,upload1,,,,,,,,,,,
2d3cfa744702d07f,ff4878ba0a6245bd,anvil-test-2024-09-06-06-26,ok,minimap2/2.17+galaxy4,,,,34359.0000000,8.0000000,,,,,,0E-7
916414273671c4ef,ff4878ba0a6245bd,anvil-test-2024-09-06-06-26,ok,upload1,,,,4080.0000000,1.0000000,,,,,,6.0000000
a40a8ad66ce52337,ff4878ba0a6245bd,anvil-test-2024-09-06-06-26,ok,upload1,,,,4080.0000000,1.0000000,,,,,,6.0000000
afeb72bade58affd,ff4878ba0a6245bd,anvil-test-2024-09-06-06-26,ok,upload1,,,,4080.0000000,1.0000000,,,,,,6.0000000
8d3cf81db552717f,ff4878ba0a6245bd,anvil-test-2024-09-06-06-26,ok,upload1,,,,4080.0000000,1.0000000,,,,,,6.0000000
7bdb9a99d5fff50f,ff4878ba0a6245bd,anvil-test-2024-09-06-06-26,ok,upload1,,,,4080.0000000,1.0000000,,,,,,6.0000000
ae83243167b913d4,ff4878ba0a6245bd,anvil-test-2024-09-06-06-26,error,upload1,,,,,,,,,,,
189a7eff5fc7bf11,ff4878ba0a6245bd,anvil-test-2024-09-06-06-26,ok,minimap2/2.17+galaxy4,,,,34359.0000000,8.0000000,,,,,,0E-7
c6c1253754a374f2,ff4878ba0a6245bd,anvil-test-2024-09-06-06-26,ok,upload1,,,,4080.0000000,1.0000000,,,,,,6.0000000
6c9bb32573ae6cbb,ff4878ba0a6245bd,anvil-test-2024-09-06-06-26,ok,upload1,,,,4080.0000000,1.0000000,,,,,,6.0000000
c1cc73d28268b2b7,ff4878ba0a6245bd,anvil-test-2024-09-06-06-26,ok,upload1,,,,4080.0000000,1.0000000,,,,,,6.0000000
0f66e7e5ae29f88b,ff4878ba0a6245bd,anvil-test-2024-09-06-06-26,ok,minimap2/2.17+galaxy4,,,,34359.0000000,8.0000000,,,,,,0E-7
9acadd0b8b80ae54,ff4878ba0a6245bd,anvil-test-2024-09-06-06-26,ok,upload1,,,,4080.0000000,1.0000000,,,,,,6.0000000
256f583bf353b3da,ff4878ba0a6245bd,anvil-test-2024-09-06-06-26,ok,upload1,,,,4080.0000000,1.0000000,,,,,,6.0000000
7915c00ef1f10e7e,ff4878ba0a6245bd,anvil-test-2024-09-06-06-26,ok,upload1,,,,4080.0000000,1.0000000,,,,,,6.0000000
8a720170861bb992,ff4878ba0a6245bd,anvil-test-2024-09-06-06-26,error,upload1,,,,,,,,,,,
a95975f1966dc135,ff4878ba0a6245bd,anvil-test-2024-09-06-06-26,ok,upload1,,,,4080.0000000,1.0000000,,,,,,6.0000000
13790cd93dbf1ee8,ff4878ba0a6245bd,anvil-test-2024-09-06-06-26,error,upload1,,,,,,,,,,,
45278b86908b8ea7,ff4878ba0a6245bd,anvil-test-2024-09-06-06-26,ok,trim_galore/0.6.3,,,,20401.0000000,5.0000000,,,,,,1.0000000
7936f67e0d0c7e21,ff4878ba0a6245bd,anvil-test-2024-09-06-06-26,ok,upload1,,,,4080.0000000,1.0000000,,,,,,6.0000000
7cca70939982783e,ff4878ba0a6245bd,anvil-test-2024-09-06-06-26,ok,upload1,,,,4080.0000000,1.0000000,,,,,,6.0000000
daf8f08ed6b75e6d,ff4878ba0a6245bd,anvil-test-2024-09-06-06-26,ok,trim_galore/0.6.3,,,,20401.0000000,5.0000000,,,,,,0E-7
a98313cb8ea32e2a,ff4878ba0a6245bd,anvil-test-2024-09-06-06-26,ok,upload1,,,,4080.0000000,1.0000000,,,,,,6.0000000
71fe4b16a33d4ffe,ff4878ba0a6245bd,anvil-test-2024-09-06-06-26,ok,upload1,,,,4080.0000000,1.0000000,,,,,,6.0000000
e9ef0bac5ce66714,ff4878ba0a6245bd,anvil-test-2024-09-06-06-26,ok,trim_galore/0.6.3,,,,20401.0000000,5.0000000,,,,,,0E-7
0c4a60288d8b6d32,ff4878ba0a6245bd,anvil-test-2024-09-06-06-26,ok,upload1,,,,4080.0000000,1.0000000,,,,,,6.0000000
474f118b64163201,ff4878ba0a6245bd,anvil-test-2024-09-06-06-26,ok,upload1,,,,4080.0000000,1.0000000,,,,,,6.0000000
0e950243412bbf7a,ff4878ba0a6245bd,anvil-test-2024-09-06-06-26,ok,trim_galore/0.6.3,,,,20401.0000000,5.0000000,,,,,,0E-7
e4e2addf9049d522,ff4878ba0a6245bd,anvil-test-2024-09-06-06-26,ok,upload1,,,,4080.0000000,1.0000000,,,,,,6.0000000
51fe8bd06e75d1a0,ff4878ba0a6245bd,anvil-test-2024-09-06-06-26,ok,trim_galore/0.6.3,,,,20401.0000000,5.0000000,,,,,,0E-7
e25421493e9d1276,ff4878ba0a6245bd,anvil-test-2024-09-06-06-26,ok,upload1,,,,4080.0000000,1.0000000,,,,,,6.0000000
b12c312ed570e1ec,ff4878ba0a6245bd,anvil-test-2024-09-06-06-26,ok,trim_galore/0.6.3,,,,20401.0000000,5.0000000,,,,,,1.0000000
eb25f6a8e8ea6f9a,ff4878ba0a6245bd,anvil-test-2024-09-06-06-26,ok,upload1,,,,4080.0000000,1.0000000,,,,,,6.0000000
448d662c71e1512f,ff4878ba0a6245bd,anvil-test-2024-09-06-06-26,ok,trim_galore/0.6.3,,,,20401.0000000,5.0000000,,,,,,0E-7
b13853b2344e3e22,ff4878ba0a6245bd,anvil-test-2024-09-06-06-26,ok,upload1,,,,4080.0000000,1.0000000,,,,,,6.0000000
d30ca01fc8b6907a,ff4878ba0a6245bd,anvil-test-2024-09-06-06-26,ok,trim_galore/0.6.3,,,,20401.0000000,5.0000000,,,,,,0E-7
fdc3119809f9a2ab,ff4878ba0a6245bd,anvil-test-2024-09-06-06-26,ok,upload1,,,,4080.0000000,1.0000000,,,,,,6.0000000
0d6dd7e0187b2af3,ff4878ba0a6245bd,anvil-test-2024-09-06-06-26,ok,trim_galore/0.6.3,,,,20401.0000000,5.0000000,,,,,,0E-7
eb3467b344824fab,ff4878ba0a6245bd,anvil-test-2024-09-06-06-26,ok,upload1,,,,4080.0000000,1.0000000,,,,,,6.0000000
e4d56ba6380e89aa,ff4878ba0a6245bd,anvil-test-2024-09-06-06-26,error,deeptools_plot_coverage/3.3.2.0.0,,,,,,,,,,,
2f565da086769260,ff4878ba0a6245bd,anvil-test-2024-09-06-06-26,ok,upload1,,,,4080.0000000,1.0000000,,,,,,6.0000000
2d05f1454a7a3ecb,ff4878ba0a6245bd,anvil-test-2024-09-06-06-26,ok,deeptools_plot_coverage/3.3.2.0.0,,,,21474.0000000,1.0000000,,,,,,2.0000000
b56df15d1ecf995c,ff4878ba0a6245bd,anvil-test-2024-09-06-06-26,ok,upload1,,,,4080.0000000,1.0000000,,,,,,6.0000000
feb248d82d3aa706,ff4878ba0a6245bd,anvil-test-2024-09-06-06-26,error,collection_column_join/0.0.3,,,,,,,,,,,
fe25c65116bd3e93,ff4878ba0a6245bd,anvil-test-2024-09-06-06-26,ok,upload1,,,,4080.0000000,1.0000000,,,,,,6.0000000
bbcf2a416af233a0,ff4878ba0a6245bd,anvil-test-2024-09-06-06-26,ok,upload1,,,,4080.0000000,1.0000000,,,,,,6.0000000
05f47acff8b7fcaa,ff4878ba0a6245bd,anvil-test-2024-09-06-06-26,ok,upload1,,,,4080.0000000,1.0000000,,,,,,6.0000000
cb9bf46d63fa2eb5,ff4878ba0a6245bd,anvil-test-2024-09-06-06-26,ok,collection_column_join/0.0.3,,,,4080.0000000,1.0000000,,,,,,0E-7
3baaf6fe1d53c9c0,ff4878ba0a6245bd,anvil-test-2024-09-06-06-26,ok,upload1,,,,4080.0000000,1.0000000,,,,,,6.0000000
777ce475861bc9e9,ff4878ba0a6245bd,anvil-test-2024-09-06-06-26,ok,upload1,,,,4080.0000000,1.0000000,,,,,,6.0000000
a6327a77ede0ddb0,ff4878ba0a6245bd,anvil-test-2024-09-06-06-26,ok,upload1,,,,4080.0000000,1.0000000,,,,,,6.0000000
ef0efad32e06eb30,ff4878ba0a6245bd,anvil-test-2024-09-06-06-26,ok,collection_column_join/0.0.3,,,,4080.0000000,1.0000000,,,,,,0E-7
278bad25f9c00fd2,ff4878ba0a6245bd,anvil-test-2024-09-06-06-26,ok,upload1,,,,4080.0000000,1.0000000,,,,,,7.0000000
8eec16c2c18e2167,ff4878ba0a6245bd,anvil-test-2024-09-06-06-26,ok,upload1,,,,4080.0000000,1.0000000,,,,,,7.0000000
6d578acd0f6d86b1,ff4878ba0a6245bd,anvil-test-2024-09-06-06-26,ok,upload1,,,,4080.0000000,1.0000000,,,,,,7.0000000
6135c884867fefae,ff4878ba0a6245bd,anvil-test-2024-09-06-06-26,ok,upload1,,,,4080.0000000,1.0000000,,,,,,7.0000000
22aab03a986a0374,ff4878ba0a6245bd,anvil-test-2024-09-06-06-26,ok,upload1,,,,4080.0000000,1.0000000,,,,,,6.0000000
908caa783c2e426c,ff4878ba0a6245bd,anvil-test-2024-09-06-06-26,error,upload1,,,,,,,,,,,
91265753bb8bad91,ff4878ba0a6245bd,anvil-test-2024-09-06-06-26,ok,collection_column_join/0.0.3,,,,4080.0000000,1.0000000,,,,,,0E-7
184fee64a3665253,ff4878ba0a6245bd,anvil-test-2024-09-06-06-26,ok,upload1,,,,4080.0000000,1.0000000,,,,,,6.0000000
ea6be286fb176de8,ff4878ba0a6245bd,anvil-test-2024-09-06-06-26,ok,upload1,,,,4080.0000000,1.0000000,,,,,,6.0000000
d8e57bd8b6feef74,ff4878ba0a6245bd,anvil-test-2024-09-06-06-26,ok,upload1,,,,4080.0000000,1.0000000,,,,,,5.0000000
9c83f6961d1b8992,ff4878ba0a6245bd,anvil-test-2024-09-06-06-26,ok,collection_column_join/0.0.3,,,,4080.0000000,1.0000000,,,,,,1.0000000
11f1aee7bafa62b3,ff4878ba0a6245bd,anvil-test-2024-09-06-06-26,ok,upload1,,,,4080.0000000,1.0000000,,,,,,6.0000000
cf07de7a60b36da3,ff4878ba0a6245bd,anvil-test-2024-09-06-06-26,ok,upload1,,,,4080.0000000,1.0000000,,,,,,6.0000000
b917526d40dc23dc,ff4878ba0a6245bd,anvil-test-2024-09-06-06-26,ok,upload1,,,,4080.0000000,1.0000000,,,,,,6.0000000
f0c6f81286f4543a,ff4878ba0a6245bd,anvil-test-2024-09-06-06-26,ok,upload1,,,,4080.0000000,1.0000000,,,,,,6.0000000
05d7223b3c7e5b6c,ff4878ba0a6245bd,anvil-test-2024-09-06-06-26,ok,upload1,,,,4080.0000000,1.0000000,,,,,,6.0000000
48677060b506c9ca,ff4878ba0a6245bd,anvil-test-2024-09-06-06-26,error,upload1,,,,,,,,,,,
3f128b2142e77dae,ff4878ba0a6245bd,anvil-test-2024-09-06-06-26,ok,collection_column_join/0.0.3,,,,4080.0000000,1.0000000,,,,,,0E-7
57e47437be8f9025,ff4878ba0a6245bd,anvil-test-2024-09-06-06-26,ok,upload1,,,,4080.0000000,1.0000000,,,,,,6.0000000
ff4878ba0a6245bd,ff4878ba0a6245bd,anvil-test-2024-09-06-06-26,ok,upload1,,,,4080.0000000,1.0000000,,,,,,6.0000000
f6279b69a684e429,ff4878ba0a6245bd,anvil-test-2024-09-06-06-26,ok,upload1,,,,4080.0000000,1.0000000,,,,,,6.0000000
