id,history_id,history_name,state,tool_id,invocation_id,workflow_id,cpuacct.usage,galaxy_memory_mb,galaxy_slots,memory.limit_in_bytes,memory.max_usage_in_bytes,memory.soft_limit_in_bytes,memtotal,processor_count,runtime_seconds
1c75dd74e6299ded,fabcbcaf1035fc20,anvil-test-2023-08-06-06-24,ok,toolshed.g2.bx.psu.edu/repos/devteam/vcfvcfintersect/vcfvcfintersect/1.0.0_rc3+galaxy0,,,,4080.0000000,1.0000000,,,,,,1.0000000
df4d03c48204370b,fabcbcaf1035fc20,anvil-test-2023-08-06-06-24,ok,upload1,,,,4080.0000000,1.0000000,,,,,,3.0000000
eb794fe71b5247d5,fabcbcaf1035fc20,anvil-test-2023-08-06-06-24,ok,upload1,,,,4080.0000000,1.0000000,,,,,,3.0000000
964385c98ba9ae21,fabcbcaf1035fc20,anvil-test-2023-08-06-06-24,ok,upload1,,,,4080.0000000,1.0000000,,,,,,3.0000000
e449496b5fefc033,fabcbcaf1035fc20,anvil-test-2023-08-06-06-24,ok,toolshed.g2.bx.psu.edu/repos/devteam/vcfvcfintersect/vcfvcfintersect/1.0.0_rc3+galaxy0,,,,4080.0000000,1.0000000,,,,,,0E-7
07814c16af6ad380,fabcbcaf1035fc20,anvil-test-2023-08-06-06-24,ok,upload1,,,,4080.0000000,1.0000000,,,,,,4.0000000
c36621f5df870011,fabcbcaf1035fc20,anvil-test-2023-08-06-06-24,ok,upload1,,,,4080.0000000,1.0000000,,,,,,3.0000000
093b9db7d066a385,fabcbcaf1035fc20,anvil-test-2023-08-06-06-24,ok,upload1,,,,4080.0000000,1.0000000,,,,,,4.0000000
db53a0a109a95ffe,fabcbcaf1035fc20,anvil-test-2023-08-06-06-24,ok,toolshed.g2.bx.psu.edu/repos/devteam/vcfbedintersect/vcfbedintersect/1.0.0_rc3+galaxy0,,,,4080.0000000,1.0000000,,,,,,0E-7
8abcda730f458dc4,fabcbcaf1035fc20,anvil-test-2023-08-06-06-24,ok,upload1,,,,4080.0000000,1.0000000,,,,,,3.0000000
cae0f858577cfa82,fabcbcaf1035fc20,anvil-test-2023-08-06-06-24,error,toolshed.g2.bx.psu.edu/repos/devteam/vcfbedintersect/vcfbedintersect/1.0.0_rc3+galaxy0,,,,,,,,,,,
749cfd90cdc4d592,fabcbcaf1035fc20,anvil-test-2023-08-06-06-24,ok,upload1,,,,4080.0000000,1.0000000,,,,,,3.0000000
a8f69292a7b667b2,fabcbcaf1035fc20,anvil-test-2023-08-06-06-24,ok,upload1,,,,4080.0000000,1.0000000,,,,,,4.0000000
bacdaaed7879d31b,fabcbcaf1035fc20,anvil-test-2023-08-06-06-24,ok,toolshed.g2.bx.psu.edu/repos/iuc/bcftools_roh/bcftools_roh/1.10,,,,4080.0000000,1.0000000,,,,,,0E-7
249aeb13b892acce,fabcbcaf1035fc20,anvil-test-2023-08-06-06-24,ok,upload1,,,,4080.0000000,1.0000000,,,,,,3.0000000
6a933cd3b1a3a2be,fabcbcaf1035fc20,anvil-test-2023-08-06-06-24,ok,toolshed.g2.bx.psu.edu/repos/iuc/bcftools_roh/bcftools_roh/1.10,,,,4080.0000000,1.0000000,,,,,,1.0000000
9911a401676de7f6,fabcbcaf1035fc20,anvil-test-2023-08-06-06-24,ok,upload1,,,,4080.0000000,1.0000000,,,,,,4.0000000
72bcefdc5a5a8a35,fabcbcaf1035fc20,anvil-test-2023-08-06-06-24,ok,toolshed.g2.bx.psu.edu/repos/iuc/bcftools_cnv/bcftools_cnv/1.10,,,,4080.0000000,1.0000000,,,,,,0E-7
e59f52632e4460be,fabcbcaf1035fc20,anvil-test-2023-08-06-06-24,ok,upload1,,,,4080.0000000,1.0000000,,,,,,4.0000000
beb12378a81d156d,fabcbcaf1035fc20,anvil-test-2023-08-06-06-24,ok,toolshed.g2.bx.psu.edu/repos/iuc/bcftools_cnv/bcftools_cnv/1.10,,,,4080.0000000,1.0000000,,,,,,5.0000000
b803de2076727814,fabcbcaf1035fc20,anvil-test-2023-08-06-06-24,ok,upload1,,,,4080.0000000,1.0000000,,,,,,3.0000000
8dbe0dc96d412ce2,fabcbcaf1035fc20,anvil-test-2023-08-06-06-24,ok,toolshed.g2.bx.psu.edu/repos/iuc/bcftools_cnv/bcftools_cnv/1.10,,,,4080.0000000,1.0000000,,,,,,0E-7
52d4f2051d6d0d20,fabcbcaf1035fc20,anvil-test-2023-08-06-06-24,ok,upload1,,,,4080.0000000,1.0000000,,,,,,4.0000000
317d9760a49d2f25,fabcbcaf1035fc20,anvil-test-2023-08-06-06-24,ok,toolshed.g2.bx.psu.edu/repos/iuc/bcftools_cnv/bcftools_cnv/1.10,,,,4080.0000000,1.0000000,,,,,,3.0000000
37fdf20725639cbc,fabcbcaf1035fc20,anvil-test-2023-08-06-06-24,ok,upload1,,,,4080.0000000,1.0000000,,,,,,3.0000000
48fcd535ced926a6,fabcbcaf1035fc20,anvil-test-2023-08-06-06-24,ok,toolshed.g2.bx.psu.edu/repos/devteam/freebayes/freebayes/1.3.6+galaxy0,,,,51539.0000000,8.0000000,,,,,,1.0000000
af4acc8aa3cbbd9c,fabcbcaf1035fc20,anvil-test-2023-08-06-06-24,ok,upload1,,,,4080.0000000,1.0000000,,,,,,3.0000000
058aea8a6bf2e0c5,fabcbcaf1035fc20,anvil-test-2023-08-06-06-24,ok,upload1,,,,4080.0000000,1.0000000,,,,,,3.0000000
cc77e4ca9ac65284,fabcbcaf1035fc20,anvil-test-2023-08-06-06-24,ok,toolshed.g2.bx.psu.edu/repos/devteam/freebayes/freebayes/1.3.6+galaxy0,,,,51539.0000000,8.0000000,,,,,,0E-7
9aa1cbc399e0ec51,fabcbcaf1035fc20,anvil-test-2023-08-06-06-24,ok,upload1,,,,4080.0000000,1.0000000,,,,,,3.0000000
0999745af711977a,fabcbcaf1035fc20,anvil-test-2023-08-06-06-24,ok,upload1,,,,4080.0000000,1.0000000,,,,,,4.0000000
6b814d73f1defcf4,fabcbcaf1035fc20,anvil-test-2023-08-06-06-24,error,toolshed.g2.bx.psu.edu/repos/devteam/freebayes/freebayes/1.3.6+galaxy0,,,,,,,,,,,
1790534806bae01d,fabcbcaf1035fc20,anvil-test-2023-08-06-06-24,ok,upload1,,,,4080.0000000,1.0000000,,,,,,4.0000000
acc817c0f4b94b0e,fabcbcaf1035fc20,anvil-test-2023-08-06-06-24,ok,upload1,,,,4080.0000000,1.0000000,,,,,,4.0000000
34e21669e1cfcff3,fabcbcaf1035fc20,anvil-test-2023-08-06-06-24,ok,toolshed.g2.bx.psu.edu/repos/devteam/freebayes/freebayes/1.3.6+galaxy0,,,,51539.0000000,8.0000000,,,,,,1.0000000
81a55a8ccdf2e84e,fabcbcaf1035fc20,anvil-test-2023-08-06-06-24,ok,upload1,,,,4080.0000000,1.0000000,,,,,,3.0000000
66a8ddb4b7659bf8,fabcbcaf1035fc20,anvil-test-2023-08-06-06-24,ok,upload1,,,,4080.0000000,1.0000000,,,,,,4.0000000
8b1a6ab50be07327,fabcbcaf1035fc20,anvil-test-2023-08-06-06-24,ok,toolshed.g2.bx.psu.edu/repos/devteam/freebayes/freebayes/1.3.6+galaxy0,,,,51539.0000000,8.0000000,,,,,,0E-7
dbde48b5e3b6ba17,fabcbcaf1035fc20,anvil-test-2023-08-06-06-24,ok,upload1,,,,4080.0000000,1.0000000,,,,,,4.0000000
6d864586dba4f2a5,fabcbcaf1035fc20,anvil-test-2023-08-06-06-24,ok,upload1,,,,4080.0000000,1.0000000,,,,,,3.0000000
235d448c9080032e,fabcbcaf1035fc20,anvil-test-2023-08-06-06-24,ok,toolshed.g2.bx.psu.edu/repos/devteam/freebayes/freebayes/1.3.6+galaxy0,,,,51539.0000000,8.0000000,,,,,,1.0000000
7ab85e9149ef0b80,fabcbcaf1035fc20,anvil-test-2023-08-06-06-24,ok,upload1,,,,4080.0000000,1.0000000,,,,,,4.0000000
4490b519620e0d9c,fabcbcaf1035fc20,anvil-test-2023-08-06-06-24,ok,upload1,,,,4080.0000000,1.0000000,,,,,,4.0000000
850551666e1b0200,fabcbcaf1035fc20,anvil-test-2023-08-06-06-24,ok,toolshed.g2.bx.psu.edu/repos/devteam/freebayes/freebayes/1.3.6+galaxy0,,,,51539.0000000,8.0000000,,,,,,1.0000000
993112fb4f9479f4,fabcbcaf1035fc20,anvil-test-2023-08-06-06-24,ok,upload1,,,,4080.0000000,1.0000000,,,,,,4.0000000
f79c1640108bdbc0,fabcbcaf1035fc20,anvil-test-2023-08-06-06-24,ok,upload1,,,,4080.0000000,1.0000000,,,,,,3.0000000
2a86ece10764b11e,fabcbcaf1035fc20,anvil-test-2023-08-06-06-24,ok,toolshed.g2.bx.psu.edu/repos/devteam/freebayes/freebayes/1.3.6+galaxy0,,,,51539.0000000,8.0000000,,,,,,0E-7
247676f6207552d5,fabcbcaf1035fc20,anvil-test-2023-08-06-06-24,ok,upload1,,,,4080.0000000,1.0000000,,,,,,4.0000000
39eb0c90918a3969,fabcbcaf1035fc20,anvil-test-2023-08-06-06-24,ok,upload1,,,,4080.0000000,1.0000000,,,,,,3.0000000
244b3493dccb2d1a,fabcbcaf1035fc20,anvil-test-2023-08-06-06-24,ok,toolshed.g2.bx.psu.edu/repos/iuc/scater_plot_tsne/scater_plot_tsne/1.22.0,,,,4080.0000000,1.0000000,,,,,,10.0000000
0a6de9a1cb1c9103,fabcbcaf1035fc20,anvil-test-2023-08-06-06-24,ok,upload1,,,,4080.0000000,1.0000000,,,,,,4.0000000
0bcc05770f10a628,fabcbcaf1035fc20,anvil-test-2023-08-06-06-24,ok,toolshed.g2.bx.psu.edu/repos/iuc/modify_loom/modify_loom/0.7.5+galaxy1,,,,4080.0000000,1.0000000,,,,,,1.0000000
d27354e33c9db5ad,fabcbcaf1035fc20,anvil-test-2023-08-06-06-24,ok,upload1,,,,4080.0000000,1.0000000,,,,,,3.0000000
041bf3b0eb5ea93b,fabcbcaf1035fc20,anvil-test-2023-08-06-06-24,ok,upload1,,,,4080.0000000,1.0000000,,,,,,4.0000000
c8971d1f00c45476,fabcbcaf1035fc20,anvil-test-2023-08-06-06-24,ok,toolshed.g2.bx.psu.edu/repos/iuc/modify_loom/modify_loom/0.7.5+galaxy1,,,,4080.0000000,1.0000000,,,,,,1.0000000
9f699f78d3c74d0d,fabcbcaf1035fc20,anvil-test-2023-08-06-06-24,ok,upload1,,,,4080.0000000,1.0000000,,,,,,3.0000000
7b0b625debc48ddc,fabcbcaf1035fc20,anvil-test-2023-08-06-06-24,ok,upload1,,,,4080.0000000,1.0000000,,,,,,4.0000000
7b366d7310ed11b8,fabcbcaf1035fc20,anvil-test-2023-08-06-06-24,ok,toolshed.g2.bx.psu.edu/repos/iuc/modify_loom/modify_loom/0.7.5+galaxy1,,,,4080.0000000,1.0000000,,,,,,1.0000000
040bf8222a18b360,fabcbcaf1035fc20,anvil-test-2023-08-06-06-24,ok,upload1,,,,4080.0000000,1.0000000,,,,,,3.0000000
a9760e4e35fda0bb,fabcbcaf1035fc20,anvil-test-2023-08-06-06-24,ok,upload1,,,,4080.0000000,1.0000000,,,,,,3.0000000
adec7af4c39f1529,fabcbcaf1035fc20,anvil-test-2023-08-06-06-24,ok,toolshed.g2.bx.psu.edu/repos/devteam/samtools_rmdup/samtools_rmdup/2.0.1,,,,8160.0000000,1.0000000,,,,,,0E-7
9500fc68207db321,fabcbcaf1035fc20,anvil-test-2023-08-06-06-24,ok,upload1,,,,4080.0000000,1.0000000,,,,,,4.0000000
957788b2ea4df860,fabcbcaf1035fc20,anvil-test-2023-08-06-06-24,error,toolshed.g2.bx.psu.edu/repos/iuc/samtools_depth/samtools_depth/1.9,,,,,,,,,,,
b16619db0ec46443,fabcbcaf1035fc20,anvil-test-2023-08-06-06-24,ok,upload1,,,,4080.0000000,1.0000000,,,,,,4.0000000
d5922e5557657fc4,fabcbcaf1035fc20,anvil-test-2023-08-06-06-24,ok,upload1,,,,4080.0000000,1.0000000,,,,,,4.0000000
71d28c4e4704cd94,fabcbcaf1035fc20,anvil-test-2023-08-06-06-24,ok,toolshed.g2.bx.psu.edu/repos/iuc/samtools_depth/samtools_depth/1.9,,,,4080.0000000,1.0000000,,,,,,0E-7
0995d09dd9e0cfbc,fabcbcaf1035fc20,anvil-test-2023-08-06-06-24,ok,upload1,,,,4080.0000000,1.0000000,,,,,,4.0000000
24943ee9744849d9,fabcbcaf1035fc20,anvil-test-2023-08-06-06-24,ok,upload1,,,,4080.0000000,1.0000000,,,,,,3.0000000
8062d331b37189b0,fabcbcaf1035fc20,anvil-test-2023-08-06-06-24,ok,toolshed.g2.bx.psu.edu/repos/iuc/samtools_depth/samtools_depth/1.9,,,,4080.0000000,1.0000000,,,,,,0E-7
49bc6c8ff7e2e47e,fabcbcaf1035fc20,anvil-test-2023-08-06-06-24,ok,upload1,,,,4080.0000000,1.0000000,,,,,,4.0000000
266b8f8b862fcd4b,fabcbcaf1035fc20,anvil-test-2023-08-06-06-24,ok,toolshed.g2.bx.psu.edu/repos/iuc/samtools_depth/samtools_depth/1.9,,,,4080.0000000,1.0000000,,,,,,0E-7
f8eebabae6b9d560,fabcbcaf1035fc20,anvil-test-2023-08-06-06-24,ok,upload1,,,,4080.0000000,1.0000000,,,,,,3.0000000
3c01319ea485986b,fabcbcaf1035fc20,anvil-test-2023-08-06-06-24,ok,upload1,,,,4080.0000000,1.0000000,,,,,,4.0000000
51d573201bab8e38,fabcbcaf1035fc20,anvil-test-2023-08-06-06-24,ok,toolshed.g2.bx.psu.edu/repos/devteam/pileup_interval/pileup_interval/1.0.3,,,,4080.0000000,1.0000000,,,,,,1.0000000
3345dd9fd9895345,fabcbcaf1035fc20,anvil-test-2023-08-06-06-24,ok,upload1,,,,4080.0000000,1.0000000,,,,,,3.0000000
8110c3910c7012b8,fabcbcaf1035fc20,anvil-test-2023-08-06-06-24,ok,toolshed.g2.bx.psu.edu/repos/devteam/pileup_interval/pileup_interval/1.0.3,,,,4080.0000000,1.0000000,,,,,,1.0000000
e9d929cad68ee21c,fabcbcaf1035fc20,anvil-test-2023-08-06-06-24,ok,upload1,,,,4080.0000000,1.0000000,,,,,,3.0000000
f5b69ed2a99612ba,fabcbcaf1035fc20,anvil-test-2023-08-06-06-24,ok,toolshed.g2.bx.psu.edu/repos/devteam/pileup_interval/pileup_interval/1.0.3,,,,4080.0000000,1.0000000,,,,,,0E-7
27e97cccf6b24f22,fabcbcaf1035fc20,anvil-test-2023-08-06-06-24,ok,upload1,,,,4080.0000000,1.0000000,,,,,,3.0000000
79b91fea08e8eb66,fabcbcaf1035fc20,anvil-test-2023-08-06-06-24,ok,toolshed.g2.bx.psu.edu/repos/iuc/poretools_extract/poretools_extract/0.6.1a1.0,,,,12240.0000000,1.0000000,,,,,,1.0000000
4b8ad0248cb9cd2d,fabcbcaf1035fc20,anvil-test-2023-08-06-06-24,ok,upload1,,,,4080.0000000,1.0000000,,,,,,4.0000000
4bd36db1993b7b82,fabcbcaf1035fc20,anvil-test-2023-08-06-06-24,error,toolshed.g2.bx.psu.edu/repos/iuc/poretools_extract/poretools_extract/0.6.1a1.0,,,,,,,,,,,
edf7f4cbb1309707,fabcbcaf1035fc20,anvil-test-2023-08-06-06-24,ok,upload1,,,,4080.0000000,1.0000000,,,,,,3.0000000
559139ee903dad72,fabcbcaf1035fc20,anvil-test-2023-08-06-06-24,ok,toolshed.g2.bx.psu.edu/repos/iuc/nanoplot/nanoplot/1.28.2+galaxy1,,,,12884.0000000,2.0000000,,,,,,7.0000000
ba94e57d505687f5,fabcbcaf1035fc20,anvil-test-2023-08-06-06-24,ok,upload1,,,,4080.0000000,1.0000000,,,,,,3.0000000
6c35a09fc0614010,fabcbcaf1035fc20,anvil-test-2023-08-06-06-24,ok,upload1,,,,4080.0000000,1.0000000,,,,,,3.0000000
722d51e804eb8325,fabcbcaf1035fc20,anvil-test-2023-08-06-06-24,ok,toolshed.g2.bx.psu.edu/repos/iuc/nanoplot/nanoplot/1.28.2+galaxy1,,,,12884.0000000,2.0000000,,,,,,34.0000000
8602553635ac237c,fabcbcaf1035fc20,anvil-test-2023-08-06-06-24,ok,upload1,,,,4080.0000000,1.0000000,,,,,,4.0000000
97f06482a4c20913,fabcbcaf1035fc20,anvil-test-2023-08-06-06-24,ok,toolshed.g2.bx.psu.edu/repos/iuc/nanoplot/nanoplot/1.28.2+galaxy1,,,,12884.0000000,2.0000000,,,,,,20.0000000
0b83742d642ff6d1,fabcbcaf1035fc20,anvil-test-2023-08-06-06-24,ok,upload1,,,,4080.0000000,1.0000000,,,,,,3.0000000
a1927f0e26ea7bdc,fabcbcaf1035fc20,anvil-test-2023-08-06-06-24,ok,toolshed.g2.bx.psu.edu/repos/iuc/multiqc/multiqc/1.9+galaxy1,,,,12240.0000000,1.0000000,,,,,,3.0000000
20a395fb4694bc1f,fabcbcaf1035fc20,anvil-test-2023-08-06-06-24,ok,upload1,,,,4080.0000000,1.0000000,,,,,,4.0000000
e63e07d777aff4e5,fabcbcaf1035fc20,anvil-test-2023-08-06-06-24,ok,upload1,,,,4080.0000000,1.0000000,,,,,,4.0000000
90858d049b77ef30,fabcbcaf1035fc20,anvil-test-2023-08-06-06-24,error,upload1,,,,,,,,,,,
565f2717ceb31aa7,fabcbcaf1035fc20,anvil-test-2023-08-06-06-24,ok,toolshed.g2.bx.psu.edu/repos/iuc/multiqc/multiqc/1.9+galaxy1,,,,12240.0000000,1.0000000,,,,,,4.0000000
4da5f36de18f5877,fabcbcaf1035fc20,anvil-test-2023-08-06-06-24,ok,upload1,,,,4080.0000000,1.0000000,,,,,,4.0000000
edcf5ffd908d94bc,fabcbcaf1035fc20,anvil-test-2023-08-06-06-24,ok,upload1,,,,4080.0000000,1.0000000,,,,,,3.0000000
4995a336ae95df13,fabcbcaf1035fc20,anvil-test-2023-08-06-06-24,ok,toolshed.g2.bx.psu.edu/repos/iuc/multiqc/multiqc/1.9+galaxy1,,,,12240.0000000,1.0000000,,,,,,6.0000000
6b0ebf4d594dec5f,fabcbcaf1035fc20,anvil-test-2023-08-06-06-24,ok,upload1,,,,4080.0000000,1.0000000,,,,,,3.0000000
8063c06b3d94c428,fabcbcaf1035fc20,anvil-test-2023-08-06-06-24,ok,upload1,,,,4080.0000000,1.0000000,,,,,,4.0000000
50dda21bea1cfe6f,fabcbcaf1035fc20,anvil-test-2023-08-06-06-24,ok,upload1,,,,4080.0000000,1.0000000,,,,,,4.0000000
0a4ae77cdc63c704,fabcbcaf1035fc20,anvil-test-2023-08-06-06-24,ok,upload1,,,,4080.0000000,1.0000000,,,,,,4.0000000
01e66438e5a92cae,fabcbcaf1035fc20,anvil-test-2023-08-06-06-24,ok,upload1,,,,4080.0000000,1.0000000,,,,,,4.0000000
68ef223c0bd1d324,fabcbcaf1035fc20,anvil-test-2023-08-06-06-24,ok,upload1,,,,4080.0000000,1.0000000,,,,,,3.0000000
a4754ccaa5463e2c,fabcbcaf1035fc20,anvil-test-2023-08-06-06-24,ok,upload1,,,,4080.0000000,1.0000000,,,,,,4.0000000
d278677f5991b5b6,fabcbcaf1035fc20,anvil-test-2023-08-06-06-24,ok,upload1,,,,4080.0000000,1.0000000,,,,,,3.0000000
8c8f2c9d6be9962a,fabcbcaf1035fc20,anvil-test-2023-08-06-06-24,ok,upload1,,,,4080.0000000,1.0000000,,,,,,3.0000000
e9cc3ec856158fad,fabcbcaf1035fc20,anvil-test-2023-08-06-06-24,ok,upload1,,,,4080.0000000,1.0000000,,,,,,3.0000000
a66c5716941b9cdf,fabcbcaf1035fc20,anvil-test-2023-08-06-06-24,ok,upload1,,,,4080.0000000,1.0000000,,,,,,4.0000000
d48ae9cc075cff55,fabcbcaf1035fc20,anvil-test-2023-08-06-06-24,ok,upload1,,,,4080.0000000,1.0000000,,,,,,3.0000000
f3f6644d02941f1d,fabcbcaf1035fc20,anvil-test-2023-08-06-06-24,ok,upload1,,,,4080.0000000,1.0000000,,,,,,4.0000000
b1c15648bd260c57,fabcbcaf1035fc20,anvil-test-2023-08-06-06-24,ok,upload1,,,,4080.0000000,1.0000000,,,,,,4.0000000
199a9ef71bbdcb33,fabcbcaf1035fc20,anvil-test-2023-08-06-06-24,ok,upload1,,,,4080.0000000,1.0000000,,,,,,3.0000000
611961461867e28c,fabcbcaf1035fc20,anvil-test-2023-08-06-06-24,ok,upload1,,,,4080.0000000,1.0000000,,,,,,4.0000000
f0b54998cfcb068e,fabcbcaf1035fc20,anvil-test-2023-08-06-06-24,ok,upload1,,,,4080.0000000,1.0000000,,,,,,5.0000000
8120971e8d1f8a76,fabcbcaf1035fc20,anvil-test-2023-08-06-06-24,ok,upload1,,,,4080.0000000,1.0000000,,,,,,4.0000000
38c07e0d29966a4f,fabcbcaf1035fc20,anvil-test-2023-08-06-06-24,ok,upload1,,,,4080.0000000,1.0000000,,,,,,4.0000000
7071d0976ec8a584,fabcbcaf1035fc20,anvil-test-2023-08-06-06-24,ok,upload1,,,,4080.0000000,1.0000000,,,,,,4.0000000
fa987078e4e3f259,fabcbcaf1035fc20,anvil-test-2023-08-06-06-24,ok,upload1,,,,4080.0000000,1.0000000,,,,,,4.0000000
a819228efdece09e,fabcbcaf1035fc20,anvil-test-2023-08-06-06-24,ok,upload1,,,,4080.0000000,1.0000000,,,,,,4.0000000
ca48db4afccc9646,fabcbcaf1035fc20,anvil-test-2023-08-06-06-24,ok,upload1,,,,4080.0000000,1.0000000,,,,,,3.0000000
3eb51d7d73ed8af2,fabcbcaf1035fc20,anvil-test-2023-08-06-06-24,ok,upload1,,,,4080.0000000,1.0000000,,,,,,4.0000000
dd5b7446f42b20dc,fabcbcaf1035fc20,anvil-test-2023-08-06-06-24,ok,upload1,,,,4080.0000000,1.0000000,,,,,,4.0000000
6f74f7ea003c4258,fabcbcaf1035fc20,anvil-test-2023-08-06-06-24,ok,upload1,,,,4080.0000000,1.0000000,,,,,,4.0000000
95933f98ef568e39,fabcbcaf1035fc20,anvil-test-2023-08-06-06-24,ok,upload1,,,,4080.0000000,1.0000000,,,,,,4.0000000
700df57052d32b6d,fabcbcaf1035fc20,anvil-test-2023-08-06-06-24,ok,upload1,,,,4080.0000000,1.0000000,,,,,,4.0000000
bc9b3d22bcd044da,fabcbcaf1035fc20,anvil-test-2023-08-06-06-24,ok,upload1,,,,4080.0000000,1.0000000,,,,,,4.0000000
3bc9b3763b5775e9,fabcbcaf1035fc20,anvil-test-2023-08-06-06-24,ok,upload1,,,,4080.0000000,1.0000000,,,,,,4.0000000
4c11fe863cc93bf5,fabcbcaf1035fc20,anvil-test-2023-08-06-06-24,ok,toolshed.g2.bx.psu.edu/repos/iuc/multiqc/multiqc/1.9+galaxy1,,,,12240.0000000,1.0000000,,,,,,4.0000000
4edcc13433a70a90,fabcbcaf1035fc20,anvil-test-2023-08-06-06-24,ok,upload1,,,,4080.0000000,1.0000000,,,,,,4.0000000
6a85f6864424c6d8,fabcbcaf1035fc20,anvil-test-2023-08-06-06-24,ok,upload1,,,,4080.0000000,1.0000000,,,,,,3.0000000
f9dee94554f46036,fabcbcaf1035fc20,anvil-test-2023-08-06-06-24,ok,upload1,,,,4080.0000000,1.0000000,,,,,,4.0000000
48b9807640cdf14f,fabcbcaf1035fc20,anvil-test-2023-08-06-06-24,ok,upload1,,,,4080.0000000,1.0000000,,,,,,4.0000000
cfb55b395feb2a21,fabcbcaf1035fc20,anvil-test-2023-08-06-06-24,ok,upload1,,,,4080.0000000,1.0000000,,,,,,4.0000000
32e8c9b836def870,fabcbcaf1035fc20,anvil-test-2023-08-06-06-24,ok,upload1,,,,4080.0000000,1.0000000,,,,,,3.0000000
7337b3d17d77752c,fabcbcaf1035fc20,anvil-test-2023-08-06-06-24,ok,upload1,,,,4080.0000000,1.0000000,,,,,,4.0000000
93dac90babdff49d,fabcbcaf1035fc20,anvil-test-2023-08-06-06-24,ok,upload1,,,,4080.0000000,1.0000000,,,,,,4.0000000
ee260cacdc993b8b,fabcbcaf1035fc20,anvil-test-2023-08-06-06-24,ok,upload1,,,,4080.0000000,1.0000000,,,,,,4.0000000
2dd8df78c113dc3a,fabcbcaf1035fc20,anvil-test-2023-08-06-06-24,ok,upload1,,,,4080.0000000,1.0000000,,,,,,3.0000000
4dd4c9561c0f0e73,fabcbcaf1035fc20,anvil-test-2023-08-06-06-24,ok,upload1,,,,4080.0000000,1.0000000,,,,,,4.0000000
8a067378866ce951,fabcbcaf1035fc20,anvil-test-2023-08-06-06-24,ok,upload1,,,,4080.0000000,1.0000000,,,,,,4.0000000
0eb0b58dd3ddd677,fabcbcaf1035fc20,anvil-test-2023-08-06-06-24,ok,upload1,,,,4080.0000000,1.0000000,,,,,,4.0000000
c138395be1646b01,fabcbcaf1035fc20,anvil-test-2023-08-06-06-24,ok,upload1,,,,4080.0000000,1.0000000,,,,,,3.0000000
c324b3ab1ab178c6,fabcbcaf1035fc20,anvil-test-2023-08-06-06-24,ok,toolshed.g2.bx.psu.edu/repos/iuc/multiqc/multiqc/1.9+galaxy1,,,,12240.0000000,1.0000000,,,,,,35.0000000
f3b47863033fbad2,fabcbcaf1035fc20,anvil-test-2023-08-06-06-24,ok,upload1,,,,4080.0000000,1.0000000,,,,,,4.0000000
dddca7dc78e7ea36,fabcbcaf1035fc20,anvil-test-2023-08-06-06-24,ok,upload1,,,,4080.0000000,1.0000000,,,,,,3.0000000
a8a0ca01001f4bde,fabcbcaf1035fc20,anvil-test-2023-08-06-06-24,ok,upload1,,,,4080.0000000,1.0000000,,,,,,3.0000000
6130a3db071b72e1,fabcbcaf1035fc20,anvil-test-2023-08-06-06-24,ok,upload1,,,,4080.0000000,1.0000000,,,,,,4.0000000
9fd81f963a89a4b7,fabcbcaf1035fc20,anvil-test-2023-08-06-06-24,ok,upload1,,,,4080.0000000,1.0000000,,,,,,4.0000000
fc356256bcb09c1d,fabcbcaf1035fc20,anvil-test-2023-08-06-06-24,ok,upload1,,,,4080.0000000,1.0000000,,,,,,3.0000000
eb54a2ddf944834f,fabcbcaf1035fc20,anvil-test-2023-08-06-06-24,ok,upload1,,,,4080.0000000,1.0000000,,,,,,3.0000000
544c4d44bdbe46a4,fabcbcaf1035fc20,anvil-test-2023-08-06-06-24,ok,upload1,,,,4080.0000000,1.0000000,,,,,,4.0000000
6b73de75673c246a,fabcbcaf1035fc20,anvil-test-2023-08-06-06-24,ok,upload1,,,,4080.0000000,1.0000000,,,,,,4.0000000
04fa396eee93bc16,fabcbcaf1035fc20,anvil-test-2023-08-06-06-24,ok,upload1,,,,4080.0000000,1.0000000,,,,,,4.0000000
2b7796b0ee4569e6,fabcbcaf1035fc20,anvil-test-2023-08-06-06-24,ok,upload1,,,,4080.0000000,1.0000000,,,,,,3.0000000
8e0bae40a2689cc5,fabcbcaf1035fc20,anvil-test-2023-08-06-06-24,ok,toolshed.g2.bx.psu.edu/repos/iuc/multiqc/multiqc/1.9+galaxy1,,,,12240.0000000,1.0000000,,,,,,4.0000000
e030d5a2d96e8bf8,fabcbcaf1035fc20,anvil-test-2023-08-06-06-24,ok,upload1,,,,4080.0000000,1.0000000,,,,,,4.0000000
a80a543da2cea40b,fabcbcaf1035fc20,anvil-test-2023-08-06-06-24,ok,toolshed.g2.bx.psu.edu/repos/iuc/multiqc/multiqc/1.9+galaxy1,,,,12240.0000000,1.0000000,,,,,,11.0000000
b42a41cb90c24b0a,fabcbcaf1035fc20,anvil-test-2023-08-06-06-24,ok,upload1,,,,4080.0000000,1.0000000,,,,,,4.0000000
6f3b9db16fe02585,fabcbcaf1035fc20,anvil-test-2023-08-06-06-24,ok,upload1,,,,4080.0000000,1.0000000,,,,,,4.0000000
0f44eb39b92c75aa,fabcbcaf1035fc20,anvil-test-2023-08-06-06-24,ok,toolshed.g2.bx.psu.edu/repos/iuc/multiqc/multiqc/1.9+galaxy1,,,,12240.0000000,1.0000000,,,,,,3.0000000
6f9ca6e852ec6650,fabcbcaf1035fc20,anvil-test-2023-08-06-06-24,ok,upload1,,,,4080.0000000,1.0000000,,,,,,4.0000000
0b3e89400cbd789d,fabcbcaf1035fc20,anvil-test-2023-08-06-06-24,ok,upload1,,,,4080.0000000,1.0000000,,,,,,4.0000000
56b572b3ad6e6a0e,fabcbcaf1035fc20,anvil-test-2023-08-06-06-24,ok,upload1,,,,4080.0000000,1.0000000,,,,,,3.0000000
a47b1e206211eb21,fabcbcaf1035fc20,anvil-test-2023-08-06-06-24,ok,upload1,,,,4080.0000000,1.0000000,,,,,,4.0000000
cc6af2ee54732480,fabcbcaf1035fc20,anvil-test-2023-08-06-06-24,ok,upload1,,,,4080.0000000,1.0000000,,,,,,4.0000000
2f64b4d68dc17116,fabcbcaf1035fc20,anvil-test-2023-08-06-06-24,ok,upload1,,,,4080.0000000,1.0000000,,,,,,4.0000000
9684281f5d3e026d,fabcbcaf1035fc20,anvil-test-2023-08-06-06-24,ok,upload1,,,,4080.0000000,1.0000000,,,,,,4.0000000
37c32ccd0ff2ea79,fabcbcaf1035fc20,anvil-test-2023-08-06-06-24,ok,upload1,,,,4080.0000000,1.0000000,,,,,,4.0000000
fad45c9333e5e7b8,fabcbcaf1035fc20,anvil-test-2023-08-06-06-24,ok,upload1,,,,4080.0000000,1.0000000,,,,,,4.0000000
02e3b1817c22c76c,fabcbcaf1035fc20,anvil-test-2023-08-06-06-24,ok,upload1,,,,4080.0000000,1.0000000,,,,,,4.0000000
ca98bda720b1576b,fabcbcaf1035fc20,anvil-test-2023-08-06-06-24,ok,upload1,,,,4080.0000000,1.0000000,,,,,,3.0000000
63cb1c7a827a90d9,fabcbcaf1035fc20,anvil-test-2023-08-06-06-24,ok,upload1,,,,4080.0000000,1.0000000,,,,,,4.0000000
96193b53c1ad936a,fabcbcaf1035fc20,anvil-test-2023-08-06-06-24,ok,upload1,,,,4080.0000000,1.0000000,,,,,,3.0000000
e2762f6358daaeac,fabcbcaf1035fc20,anvil-test-2023-08-06-06-24,ok,upload1,,,,4080.0000000,1.0000000,,,,,,3.0000000
ecf936f3271d3fcf,fabcbcaf1035fc20,anvil-test-2023-08-06-06-24,ok,upload1,,,,4080.0000000,1.0000000,,,,,,4.0000000
7e23609a28333a26,fabcbcaf1035fc20,anvil-test-2023-08-06-06-24,error,upload1,,,,,,,,,,,
3729db203b0a14c7,fabcbcaf1035fc20,anvil-test-2023-08-06-06-24,ok,upload1,,,,4080.0000000,1.0000000,,,,,,4.0000000
b491403f635b85b6,fabcbcaf1035fc20,anvil-test-2023-08-06-06-24,ok,upload1,,,,4080.0000000,1.0000000,,,,,,4.0000000
cd2d12ad8660b9b6,fabcbcaf1035fc20,anvil-test-2023-08-06-06-24,ok,upload1,,,,4080.0000000,1.0000000,,,,,,4.0000000
1f421775a466efcf,fabcbcaf1035fc20,anvil-test-2023-08-06-06-24,ok,upload1,,,,4080.0000000,1.0000000,,,,,,4.0000000
181463ffa98e9bdd,fabcbcaf1035fc20,anvil-test-2023-08-06-06-24,ok,upload1,,,,4080.0000000,1.0000000,,,,,,4.0000000
e41346d990b3d0fb,fabcbcaf1035fc20,anvil-test-2023-08-06-06-24,ok,upload1,,,,4080.0000000,1.0000000,,,,,,4.0000000
2ef18c754fd08210,fabcbcaf1035fc20,anvil-test-2023-08-06-06-24,ok,upload1,,,,4080.0000000,1.0000000,,,,,,4.0000000
cf46a3fc75af9a86,fabcbcaf1035fc20,anvil-test-2023-08-06-06-24,ok,upload1,,,,4080.0000000,1.0000000,,,,,,3.0000000
912b5cf79473f0d6,fabcbcaf1035fc20,anvil-test-2023-08-06-06-24,ok,upload1,,,,4080.0000000,1.0000000,,,,,,4.0000000
5b949704fddfaa6a,fabcbcaf1035fc20,anvil-test-2023-08-06-06-24,ok,upload1,,,,4080.0000000,1.0000000,,,,,,4.0000000
fc4ebb6ac48188ab,fabcbcaf1035fc20,anvil-test-2023-08-06-06-24,ok,upload1,,,,4080.0000000,1.0000000,,,,,,4.0000000
d0332e80216f911e,fabcbcaf1035fc20,anvil-test-2023-08-06-06-24,ok,upload1,,,,4080.0000000,1.0000000,,,,,,3.0000000
5838069e677b966b,fabcbcaf1035fc20,anvil-test-2023-08-06-06-24,ok,upload1,,,,4080.0000000,1.0000000,,,,,,3.0000000
2cb55cae84426138,fabcbcaf1035fc20,anvil-test-2023-08-06-06-24,ok,upload1,,,,4080.0000000,1.0000000,,,,,,4.0000000
eadec73a4976d6a6,fabcbcaf1035fc20,anvil-test-2023-08-06-06-24,ok,upload1,,,,4080.0000000,1.0000000,,,,,,4.0000000
46a59b53e76c73d4,fabcbcaf1035fc20,anvil-test-2023-08-06-06-24,ok,upload1,,,,4080.0000000,1.0000000,,,,,,4.0000000
81932dc5b8927f5e,fabcbcaf1035fc20,anvil-test-2023-08-06-06-24,ok,toolshed.g2.bx.psu.edu/repos/iuc/multiqc/multiqc/1.9+galaxy1,,,,12240.0000000,1.0000000,,,,,,4.0000000
0f88559e83f7dd87,fabcbcaf1035fc20,anvil-test-2023-08-06-06-24,ok,upload1,,,,4080.0000000,1.0000000,,,,,,4.0000000
a2258d3a66785d7b,fabcbcaf1035fc20,anvil-test-2023-08-06-06-24,ok,upload1,,,,4080.0000000,1.0000000,,,,,,4.0000000
ca75ae416d2e53e0,fabcbcaf1035fc20,anvil-test-2023-08-06-06-24,ok,upload1,,,,4080.0000000,1.0000000,,,,,,4.0000000
a1126ab46cc0cfea,fabcbcaf1035fc20,anvil-test-2023-08-06-06-24,ok,upload1,,,,4080.0000000,1.0000000,,,,,,4.0000000
f158edf1a782452b,fabcbcaf1035fc20,anvil-test-2023-08-06-06-24,ok,upload1,,,,4080.0000000,1.0000000,,,,,,4.0000000
3e40bb3b5bace4e9,fabcbcaf1035fc20,anvil-test-2023-08-06-06-24,ok,upload1,,,,4080.0000000,1.0000000,,,,,,4.0000000
666d75c2d2e64a26,fabcbcaf1035fc20,anvil-test-2023-08-06-06-24,ok,upload1,,,,4080.0000000,1.0000000,,,,,,4.0000000
e25bafc362ce83fe,fabcbcaf1035fc20,anvil-test-2023-08-06-06-24,ok,upload1,,,,4080.0000000,1.0000000,,,,,,4.0000000
6b8a462392a5751e,fabcbcaf1035fc20,anvil-test-2023-08-06-06-24,ok,upload1,,,,4080.0000000,1.0000000,,,,,,4.0000000
505bc1c7a83e3bd4,fabcbcaf1035fc20,anvil-test-2023-08-06-06-24,ok,upload1,,,,4080.0000000,1.0000000,,,,,,3.0000000
c0f7a32801befd41,fabcbcaf1035fc20,anvil-test-2023-08-06-06-24,ok,upload1,,,,4080.0000000,1.0000000,,,,,,4.0000000
404dde722d6e6ce4,fabcbcaf1035fc20,anvil-test-2023-08-06-06-24,ok,upload1,,,,4080.0000000,1.0000000,,,,,,3.0000000
b1fa6de7990ee659,fabcbcaf1035fc20,anvil-test-2023-08-06-06-24,ok,upload1,,,,4080.0000000,1.0000000,,,,,,4.0000000
1456533ca5005a68,fabcbcaf1035fc20,anvil-test-2023-08-06-06-24,ok,upload1,,,,4080.0000000,1.0000000,,,,,,4.0000000
8f47975a643162a8,fabcbcaf1035fc20,anvil-test-2023-08-06-06-24,ok,toolshed.g2.bx.psu.edu/repos/iuc/multiqc/multiqc/1.9+galaxy1,,,,12240.0000000,1.0000000,,,,,,36.0000000
f137e8609d38b660,fabcbcaf1035fc20,anvil-test-2023-08-06-06-24,ok,upload1,,,,4080.0000000,1.0000000,,,,,,3.0000000
e8387eddc6151a25,fabcbcaf1035fc20,anvil-test-2023-08-06-06-24,ok,upload1,,,,4080.0000000,1.0000000,,,,,,3.0000000
3ef411a75f9a4fdd,fabcbcaf1035fc20,anvil-test-2023-08-06-06-24,ok,upload1,,,,4080.0000000,1.0000000,,,,,,4.0000000
fe4160e5b4af2117,fabcbcaf1035fc20,anvil-test-2023-08-06-06-24,ok,upload1,,,,4080.0000000,1.0000000,,,,,,4.0000000
a7db30a439ef90bf,fabcbcaf1035fc20,anvil-test-2023-08-06-06-24,ok,upload1,,,,4080.0000000,1.0000000,,,,,,4.0000000
2f42e8427f167c8d,fabcbcaf1035fc20,anvil-test-2023-08-06-06-24,ok,upload1,,,,4080.0000000,1.0000000,,,,,,3.0000000
e4168dcb23e18f5d,fabcbcaf1035fc20,anvil-test-2023-08-06-06-24,ok,upload1,,,,4080.0000000,1.0000000,,,,,,4.0000000
ecb9fbb4ef754d39,fabcbcaf1035fc20,anvil-test-2023-08-06-06-24,ok,upload1,,,,4080.0000000,1.0000000,,,,,,4.0000000
b581fdc125ccab37,fabcbcaf1035fc20,anvil-test-2023-08-06-06-24,ok,upload1,,,,4080.0000000,1.0000000,,,,,,4.0000000
d37ac2423af1a170,fabcbcaf1035fc20,anvil-test-2023-08-06-06-24,ok,upload1,,,,4080.0000000,1.0000000,,,,,,3.0000000
db015f366e565b1a,fabcbcaf1035fc20,anvil-test-2023-08-06-06-24,ok,upload1,,,,4080.0000000,1.0000000,,,,,,4.0000000
610df2811a7c51c5,fabcbcaf1035fc20,anvil-test-2023-08-06-06-24,ok,toolshed.g2.bx.psu.edu/repos/iuc/multiqc/multiqc/1.9+galaxy1,,,,12240.0000000,1.0000000,,,,,,4.0000000
61623480b5cf2432,fabcbcaf1035fc20,anvil-test-2023-08-06-06-24,ok,upload1,,,,4080.0000000,1.0000000,,,,,,4.0000000
de73e790b13305de,fabcbcaf1035fc20,anvil-test-2023-08-06-06-24,ok,toolshed.g2.bx.psu.edu/repos/iuc/multiqc/multiqc/1.9+galaxy1,,,,12240.0000000,1.0000000,,,,,,12.0000000
da056ba56ec28cab,fabcbcaf1035fc20,anvil-test-2023-08-06-06-24,ok,upload1,,,,4080.0000000,1.0000000,,,,,,4.0000000
e8f86072c66b616f,fabcbcaf1035fc20,anvil-test-2023-08-06-06-24,ok,upload1,,,,4080.0000000,1.0000000,,,,,,3.0000000
88eb1570db3ca952,fabcbcaf1035fc20,anvil-test-2023-08-06-06-24,ok,toolshed.g2.bx.psu.edu/repos/iuc/multiqc/multiqc/1.9+galaxy1,,,,12240.0000000,1.0000000,,,,,,4.0000000
c5092fd7125ba2c5,fabcbcaf1035fc20,anvil-test-2023-08-06-06-24,ok,upload1,,,,4080.0000000,1.0000000,,,,,,4.0000000
cbf85ece7b3b98a9,fabcbcaf1035fc20,anvil-test-2023-08-06-06-24,ok,upload1,,,,4080.0000000,1.0000000,,,,,,4.0000000
cac1316801f5dd47,fabcbcaf1035fc20,anvil-test-2023-08-06-06-24,ok,toolshed.g2.bx.psu.edu/repos/iuc/multiqc/multiqc/1.9+galaxy1,,,,12240.0000000,1.0000000,,,,,,6.0000000
12ebee9efd22c80a,fabcbcaf1035fc20,anvil-test-2023-08-06-06-24,ok,upload1,,,,4080.0000000,1.0000000,,,,,,3.0000000
163c8e56c8079c6d,fabcbcaf1035fc20,anvil-test-2023-08-06-06-24,ok,upload1,,,,4080.0000000,1.0000000,,,,,,4.0000000
5e9785f3641536e8,fabcbcaf1035fc20,anvil-test-2023-08-06-06-24,ok,upload1,,,,4080.0000000,1.0000000,,,,,,3.0000000
c37b4f21dfb0dab6,fabcbcaf1035fc20,anvil-test-2023-08-06-06-24,ok,upload1,,,,4080.0000000,1.0000000,,,,,,4.0000000
42f5c3e46fefa871,fabcbcaf1035fc20,anvil-test-2023-08-06-06-24,ok,upload1,,,,4080.0000000,1.0000000,,,,,,4.0000000
192bf03cc2555d18,fabcbcaf1035fc20,anvil-test-2023-08-06-06-24,ok,upload1,,,,4080.0000000,1.0000000,,,,,,4.0000000
ddb93c108efc7423,fabcbcaf1035fc20,anvil-test-2023-08-06-06-24,ok,upload1,,,,4080.0000000,1.0000000,,,,,,3.0000000
4d72f45ef994713b,fabcbcaf1035fc20,anvil-test-2023-08-06-06-24,ok,upload1,,,,4080.0000000,1.0000000,,,,,,4.0000000
3effec2ad0ca9f1e,fabcbcaf1035fc20,anvil-test-2023-08-06-06-24,ok,upload1,,,,4080.0000000,1.0000000,,,,,,4.0000000
092ab3d47cd60406,fabcbcaf1035fc20,anvil-test-2023-08-06-06-24,ok,upload1,,,,4080.0000000,1.0000000,,,,,,4.0000000
64b91fc828df65a1,fabcbcaf1035fc20,anvil-test-2023-08-06-06-24,ok,upload1,,,,4080.0000000,1.0000000,,,,,,3.0000000
430b36e1d00a59d4,fabcbcaf1035fc20,anvil-test-2023-08-06-06-24,ok,upload1,,,,4080.0000000,1.0000000,,,,,,4.0000000
927c56c0ad898b71,fabcbcaf1035fc20,anvil-test-2023-08-06-06-24,ok,upload1,,,,4080.0000000,1.0000000,,,,,,4.0000000
f65ed378f125c255,fabcbcaf1035fc20,anvil-test-2023-08-06-06-24,ok,upload1,,,,4080.0000000,1.0000000,,,,,,4.0000000
e839054a092e2cf0,fabcbcaf1035fc20,anvil-test-2023-08-06-06-24,ok,upload1,,,,4080.0000000,1.0000000,,,,,,4.0000000
f1053aa3c89a6aa4,fabcbcaf1035fc20,anvil-test-2023-08-06-06-24,ok,upload1,,,,4080.0000000,1.0000000,,,,,,4.0000000
82ece0c70281954f,fabcbcaf1035fc20,anvil-test-2023-08-06-06-24,ok,upload1,,,,4080.0000000,1.0000000,,,,,,3.0000000
650d3dff8b594332,fabcbcaf1035fc20,anvil-test-2023-08-06-06-24,ok,upload1,,,,4080.0000000,1.0000000,,,,,,3.0000000
b65d8e505f24756c,fabcbcaf1035fc20,anvil-test-2023-08-06-06-24,ok,upload1,,,,4080.0000000,1.0000000,,,,,,3.0000000
7f87176cd37e7306,fabcbcaf1035fc20,anvil-test-2023-08-06-06-24,ok,upload1,,,,4080.0000000,1.0000000,,,,,,4.0000000
55fcc9099bb2208a,fabcbcaf1035fc20,anvil-test-2023-08-06-06-24,ok,upload1,,,,4080.0000000,1.0000000,,,,,,4.0000000
671e1510a4def985,fabcbcaf1035fc20,anvil-test-2023-08-06-06-24,ok,upload1,,,,4080.0000000,1.0000000,,,,,,4.0000000
518d077937a51376,fabcbcaf1035fc20,anvil-test-2023-08-06-06-24,ok,upload1,,,,4080.0000000,1.0000000,,,,,,4.0000000
b29a95f284d64f87,fabcbcaf1035fc20,anvil-test-2023-08-06-06-24,ok,upload1,,,,4080.0000000,1.0000000,,,,,,4.0000000
926a375d16f1f8d7,fabcbcaf1035fc20,anvil-test-2023-08-06-06-24,ok,upload1,,,,4080.0000000,1.0000000,,,,,,4.0000000
876f83060771c2b6,fabcbcaf1035fc20,anvil-test-2023-08-06-06-24,ok,upload1,,,,4080.0000000,1.0000000,,,,,,4.0000000
67963a3a6340e1c5,fabcbcaf1035fc20,anvil-test-2023-08-06-06-24,ok,upload1,,,,4080.0000000,1.0000000,,,,,,4.0000000
b0e20c7a8e10de5c,fabcbcaf1035fc20,anvil-test-2023-08-06-06-24,ok,upload1,,,,4080.0000000,1.0000000,,,,,,4.0000000
5b44d3c3730ab1ee,fabcbcaf1035fc20,anvil-test-2023-08-06-06-24,ok,upload1,,,,4080.0000000,1.0000000,,,,,,4.0000000
0a6b7edb8b8145c2,fabcbcaf1035fc20,anvil-test-2023-08-06-06-24,ok,upload1,,,,4080.0000000,1.0000000,,,,,,4.0000000
010c5d7ede3ea579,fabcbcaf1035fc20,anvil-test-2023-08-06-06-24,ok,upload1,,,,4080.0000000,1.0000000,,,,,,3.0000000
031c9f2e0ba595a7,fabcbcaf1035fc20,anvil-test-2023-08-06-06-24,ok,upload1,,,,4080.0000000,1.0000000,,,,,,3.0000000
f09676539ed07d4b,fabcbcaf1035fc20,anvil-test-2023-08-06-06-24,ok,upload1,,,,4080.0000000,1.0000000,,,,,,3.0000000
21c989646eae63cc,fabcbcaf1035fc20,anvil-test-2023-08-06-06-24,ok,upload1,,,,4080.0000000,1.0000000,,,,,,4.0000000
c56b457fc1383e36,fabcbcaf1035fc20,anvil-test-2023-08-06-06-24,error,upload1,,,,,,,,,,,
aaf235c5f50467ff,fabcbcaf1035fc20,anvil-test-2023-08-06-06-24,ok,upload1,,,,4080.0000000,1.0000000,,,,,,4.0000000
675e45a7bac595da,fabcbcaf1035fc20,anvil-test-2023-08-06-06-24,ok,upload1,,,,4080.0000000,1.0000000,,,,,,4.0000000
1d371ecdcad53ada,fabcbcaf1035fc20,anvil-test-2023-08-06-06-24,ok,upload1,,,,4080.0000000,1.0000000,,,,,,4.0000000
3b526b675753f476,fabcbcaf1035fc20,anvil-test-2023-08-06-06-24,ok,upload1,,,,4080.0000000,1.0000000,,,,,,3.0000000
848949375d036438,fabcbcaf1035fc20,anvil-test-2023-08-06-06-24,ok,upload1,,,,4080.0000000,1.0000000,,,,,,3.0000000
c656b650e40a011c,fabcbcaf1035fc20,anvil-test-2023-08-06-06-24,ok,upload1,,,,4080.0000000,1.0000000,,,,,,3.0000000
c78622826a89bd65,fabcbcaf1035fc20,anvil-test-2023-08-06-06-24,ok,upload1,,,,4080.0000000,1.0000000,,,,,,4.0000000
732282abc977c890,fabcbcaf1035fc20,anvil-test-2023-08-06-06-24,ok,upload1,,,,4080.0000000,1.0000000,,,,,,4.0000000
212d09ea27b7d9d8,fabcbcaf1035fc20,anvil-test-2023-08-06-06-24,ok,upload1,,,,4080.0000000,1.0000000,,,,,,4.0000000
d4c13f02e849cac6,fabcbcaf1035fc20,anvil-test-2023-08-06-06-24,ok,toolshed.g2.bx.psu.edu/repos/iuc/multiqc/multiqc/1.9+galaxy1,,,,12240.0000000,1.0000000,,,,,,36.0000000
43f359a0e55ed31b,fabcbcaf1035fc20,anvil-test-2023-08-06-06-24,ok,upload1,,,,4080.0000000,1.0000000,,,,,,4.0000000
c6264e75efe492b9,fabcbcaf1035fc20,anvil-test-2023-08-06-06-24,ok,upload1,,,,4080.0000000,1.0000000,,,,,,4.0000000
2b059ad1e9483894,fabcbcaf1035fc20,anvil-test-2023-08-06-06-24,ok,upload1,,,,4080.0000000,1.0000000,,,,,,4.0000000
72b147b5a1e0da88,fabcbcaf1035fc20,anvil-test-2023-08-06-06-24,ok,upload1,,,,4080.0000000,1.0000000,,,,,,4.0000000
037d601b1339343e,fabcbcaf1035fc20,anvil-test-2023-08-06-06-24,ok,upload1,,,,4080.0000000,1.0000000,,,,,,4.0000000
932ce611b14964ee,fabcbcaf1035fc20,anvil-test-2023-08-06-06-24,ok,upload1,,,,4080.0000000,1.0000000,,,,,,3.0000000
671a89b421c367c0,fabcbcaf1035fc20,anvil-test-2023-08-06-06-24,ok,upload1,,,,4080.0000000,1.0000000,,,,,,4.0000000
7227d19722312257,fabcbcaf1035fc20,anvil-test-2023-08-06-06-24,ok,upload1,,,,4080.0000000,1.0000000,,,,,,3.0000000
f0f85bc43725bbf1,fabcbcaf1035fc20,anvil-test-2023-08-06-06-24,ok,upload1,,,,4080.0000000,1.0000000,,,,,,4.0000000
e5e5eeeb09d27761,fabcbcaf1035fc20,anvil-test-2023-08-06-06-24,ok,upload1,,,,4080.0000000,1.0000000,,,,,,4.0000000
7b25db83bb2dcec3,fabcbcaf1035fc20,anvil-test-2023-08-06-06-24,ok,upload1,,,,4080.0000000,1.0000000,,,,,,4.0000000
571bd6277fbc8d95,fabcbcaf1035fc20,anvil-test-2023-08-06-06-24,ok,toolshed.g2.bx.psu.edu/repos/bgruening/deeptools_bam_coverage/deeptools_bam_coverage/3.3.2.0.0,,,,25769.0000000,8.0000000,,,,,,1.0000000
bc8496e381082a2f,fabcbcaf1035fc20,anvil-test-2023-08-06-06-24,ok,upload1,,,,4080.0000000,1.0000000,,,,,,4.0000000
10b4fcf51579fa66,fabcbcaf1035fc20,anvil-test-2023-08-06-06-24,error,upload1,,,,,,,,,,,
419fcb8b8e8ca413,fabcbcaf1035fc20,anvil-test-2023-08-06-06-24,ok,toolshed.g2.bx.psu.edu/repos/bgruening/deeptools_bam_coverage/deeptools_bam_coverage/3.3.2.0.0,,,,25769.0000000,8.0000000,,,,,,1.0000000
8ea9f201a35cdeab,fabcbcaf1035fc20,anvil-test-2023-08-06-06-24,ok,upload1,,,,4080.0000000,1.0000000,,,,,,4.0000000
804a0e148dadb7f2,fabcbcaf1035fc20,anvil-test-2023-08-06-06-24,ok,toolshed.g2.bx.psu.edu/repos/bgruening/deeptools_bam_coverage/deeptools_bam_coverage/3.3.2.0.0,,,,25769.0000000,8.0000000,,,,,,1.0000000
480346041cbc9d38,fabcbcaf1035fc20,anvil-test-2023-08-06-06-24,ok,upload1,,,,4080.0000000,1.0000000,,,,,,4.0000000
e68fb1c703fa3489,fabcbcaf1035fc20,anvil-test-2023-08-06-06-24,error,upload1,,,,,,,,,,,
4abef41cbada7e4c,fabcbcaf1035fc20,anvil-test-2023-08-06-06-24,ok,toolshed.g2.bx.psu.edu/repos/bgruening/deeptools_bam_coverage/deeptools_bam_coverage/3.3.2.0.0,,,,25769.0000000,8.0000000,,,,,,0E-7
93487aa9efec99ac,fabcbcaf1035fc20,anvil-test-2023-08-06-06-24,ok,upload1,,,,4080.0000000,1.0000000,,,,,,4.0000000
941ff0cff1a530ee,fabcbcaf1035fc20,anvil-test-2023-08-06-06-24,ok,toolshed.g2.bx.psu.edu/repos/bgruening/deeptools_bam_coverage/deeptools_bam_coverage/3.3.2.0.0,,,,25769.0000000,8.0000000,,,,,,0E-7
db55b5679d8ea5f5,fabcbcaf1035fc20,anvil-test-2023-08-06-06-24,ok,upload1,,,,4080.0000000,1.0000000,,,,,,4.0000000
01edcb804b48a35f,fabcbcaf1035fc20,anvil-test-2023-08-06-06-24,ok,toolshed.g2.bx.psu.edu/repos/bgruening/deeptools_compute_matrix/deeptools_compute_matrix/3.3.2.0.0,,,,32212.0000000,8.0000000,,,,,,1.0000000
5ff459b3d7c83375,fabcbcaf1035fc20,anvil-test-2023-08-06-06-24,ok,upload1,,,,4080.0000000,1.0000000,,,,,,3.0000000
079656bca1957202,fabcbcaf1035fc20,anvil-test-2023-08-06-06-24,ok,upload1,,,,4080.0000000,1.0000000,,,,,,3.0000000
2a7a71bc94f6d0d0,fabcbcaf1035fc20,anvil-test-2023-08-06-06-24,ok,toolshed.g2.bx.psu.edu/repos/bgruening/deeptools_compute_matrix/deeptools_compute_matrix/3.3.2.0.0,,,,32212.0000000,8.0000000,,,,,,1.0000000
b6188028f563a313,fabcbcaf1035fc20,anvil-test-2023-08-06-06-24,ok,upload1,,,,4080.0000000,1.0000000,,,,,,3.0000000
c43271e20d397c6f,fabcbcaf1035fc20,anvil-test-2023-08-06-06-24,ok,upload1,,,,4080.0000000,1.0000000,,,,,,4.0000000
4f47d5df177c7c45,fabcbcaf1035fc20,anvil-test-2023-08-06-06-24,ok,toolshed.g2.bx.psu.edu/repos/bgruening/deeptools_compute_matrix/deeptools_compute_matrix/3.3.2.0.0,,,,32212.0000000,8.0000000,,,,,,1.0000000
35e74aa247701b90,fabcbcaf1035fc20,anvil-test-2023-08-06-06-24,ok,upload1,,,,4080.0000000,1.0000000,,,,,,4.0000000
fabcbcaf1035fc20,fabcbcaf1035fc20,anvil-test-2023-08-06-06-24,ok,upload1,,,,4080.0000000,1.0000000,,,,,,4.0000000
